,branch-instructions,branch-misses,bus-cycles,instructions1,cache-references,cpu-cycles,ref-cycles,instructions2,L1-dcache-load-misses,L1-dcache-loads,L1-dcache-stores,instructions3,LLC-load-misses,LLC-loads,branch-load-misses,branch-loads,dTLB-load-misses,instructions5,dTLB-store-misses,dTLB-stores,iTLB-load-misses,instructions6,node-load-misses,node-loads,mem-loads,mem-stores,instructions8,cache-misses,L1-icache-load-misses,LLC-stores,instructions9,dTLB-loads,iTLB-loads,node-stores,instructions10
0,6473,1169,1240,33088,10216,122022,231000,33809,1562,17901,11049,62824,153,505,1680,11119,84,57619,0,8827,14,49252,0,249,0,6936,37802,7180,10133,138,46109,14959,2,15,52933
1,8712,1616,2774,44265,15739,180762,273000,63276,1032,13157,8050,48697,84,703,1714,10686,52,52503,2,8834,2,48668,0,100,0,7503,40622,1041,8960,180,49229,11901,0,7,42545
2,5468,873,1902,28756,5423,46250,95850,14619,228,2757,1805,9929,73,136,487,2568,16,12843,0,1663,3,9136,0,77,0,1783,9760,1402,3016,47,12139,1664,0,3,5933
3,4863,917,1823,24452,3097,29786,129600,11984,762,7167,4389,25368,310,556,929,5035,34,25380,0,1089,5,5937,0,335,0,3191,18509,7237,8686,137,39370,2297,6,7,7750
4,7442,1309,3137,37914,6049,72949,317850,23524,217,2625,1688,9263,49,102,502,2724,16,13661,2,3902,4,22719,0,49,0,5672,32244,2525,3152,49,17980,6013,0,4,21176
5,5495,827,1936,28099,2201,20074,118050,5937,838,9168,5782,32410,172,344,965,5601,42,28065,1,6628,8,36603,0,217,0,1612,8690,3752,5291,81,26851,2426,7,6,8686
6,4110,736,1527,21160,2190,17607,296700,5937,213,2772,1815,9890,31,81,224,1185,10,5937,0,1803,0,9872,0,44,0,4601,25045,2143,2271,20,9250,7501,0,10,26249
7,3582,632,1311,18509,4991,44020,101400,14603,145,1665,1089,5937,95,167,287,1744,13,8746,0,1113,2,6060,0,101,0,1636,8913,1433,1619,15,5943,3479,0,6,12488
8,4358,738,1671,21840,1876,18578,34950,5943,292,3332,2179,11880,50,70,420,2392,17,11997,0,2202,4,11997,0,58,0,522,2747,2094,3136,31,11880,5003,0,10,17849
9,6885,1129,1697,35586,5752,58991,104250,22632,511,4984,3048,17389,144,605,971,5466,36,27474,0,2977,1,16095,0,230,0,1656,9127,1293,2319,35,8680,3330,0,6,11874
10,5992,1080,2154,30069,8728,110411,72750,39460,486,5156,3404,18463,89,170,726,4277,17,21890,0,5576,4,31839,0,99,0,1090,5943,3664,4906,59,22134,1667,0,3,5943
11,5044,881,1930,25871,6046,59864,164100,18616,302,3634,2359,12963,67,102,874,4859,40,24388,0,1500,0,8604,0,40,0,4622,25610,1532,2308,33,9825,7297,0,13,26281
12,7308,1346,2768,36784,3191,32229,336450,9825,232,2430,1611,8678,191,401,365,1967,9,9828,0,4718,8,25760,0,149,0,6319,38014,1750,2850,34,11991,5911,0,9,21046
13,10765,1670,3518,55638,3141,25120,447450,8740,623,7187,4691,25706,69,137,326,1722,17,8664,0,1090,1,5943,0,58,0,6895,37472,5684,6205,84,25606,7930,6,4,27129
14,5392,952,1888,27510,9673,101419,36300,33297,277,3408,2251,12194,69,105,254,1407,6,7020,0,2178,2,11874,0,50,0,559,3132,957,1152,24,5933,7994,0,0,28563
15,7593,1395,1825,38615,5329,47551,161400,15762,290,3184,2119,11382,111,171,837,4431,28,22229,0,2126,3,11436,0,55,0,2178,11874,3366,3866,45,14788,2435,0,2,8682
16,4728,801,1847,23692,3173,24751,154650,8629,427,5740,3753,20555,122,216,330,1732,13,8682,0,4907,4,26723,0,174,0,2314,12520,941,1582,29,6567,3360,0,3,11939
17,6449,1136,2382,32972,4302,36307,227400,12397,418,4484,2893,16696,99,147,220,1185,10,5937,0,2314,3,12570,0,94,0,3351,18234,3809,5248,85,23227,760,0,0,2747
18,5826,944,2136,29706,5192,53840,175800,15684,135,1650,1081,5879,46,86,382,2283,20,11482,0,1089,2,5937,0,42,0,2707,14786,2155,2398,29,9831,6121,0,2,21865
19,5014,928,1418,25255,12523,114751,146100,38184,762,8704,5597,30772,117,217,514,2745,18,13769,0,2178,3,11874,0,210,0,2201,12001,1069,1307,28,7902,1712,0,2,6066
20,9078,1631,1254,45958,2057,17246,72300,5943,203,2618,1716,9337,76,93,892,5378,41,28091,1,3306,2,18446,0,35,0,1089,5937,3034,3137,35,11874,1650,0,5,5879
21,4826,929,1760,24185,6588,54331,134100,18122,138,1665,1089,5937,94,211,303,2217,19,12974,0,1611,2,8684,0,92,0,2170,11773,1127,1503,21,6066,5024,0,2,17872
22,5546,954,1837,28372,1866,19069,241200,6056,730,8382,5327,29688,223,383,1384,7189,45,34150,1,5777,4,32220,0,129,0,4916,26751,5466,8218,101,32877,1665,0,1,5937
23,12739,2033,3265,66430,5973,63480,61950,22227,137,1665,1089,5937,60,118,699,4213,33,21172,0,2312,2,12568,0,48,0,1628,8938,1288,2087,28,9477,7636,2,12,26957
24,6287,1171,2366,31543,4261,39949,74700,11874,205,2425,1611,8684,81,138,117,632,3,3132,0,2202,3,11997,0,102,0,1113,6060,2447,2917,40,11880,1657,0,4,5911
25,7154,1148,2536,36862,2011,17329,228000,5875,454,5310,3455,18947,189,290,541,3133,22,15704,0,2179,3,11880,0,102,0,3411,18515,1972,2104,22,9948,3330,0,4,11874
26,4714,867,1822,23624,9208,85009,83850,28923,226,2435,1604,8682,184,299,599,3167,20,15885,0,3426,1,18576,0,33,0,1278,7084,1594,2343,21,8695,4075,0,7,14563
27,3496,576,1301,18114,2092,19329,68100,5933,570,6302,4008,22240,98,186,227,1203,7,6049,0,7114,7,39813,0,144,0,1114,6066,1260,1907,26,8675,4233,4,5,15056
28,2489,474,1105,12514,3696,36105,123450,12003,499,5394,3532,19289,138,226,668,3576,23,17931,0,3023,4,16502,0,146,0,1791,9767,2897,4516,49,18780,4566,0,13,16408
29,2991,558,1121,14954,2092,17675,149700,5937,206,2427,1612,8690,139,199,393,2375,16,11913,0,2202,5,11997,0,278,0,2202,11997,1626,1635,12,5937,5314,0,13,18905
30,7105,1173,2498,36742,831,8569,268050,2805,371,4237,2746,15070,95,307,545,2933,23,14744,0,3280,2,17862,0,130,0,3978,21705,3366,4485,45,17934,3358,0,4,12030
31,3545,677,1378,17765,7901,87741,180300,25512,328,3405,2216,12159,90,146,219,1173,10,5879,0,1113,0,6060,0,65,0,4011,21769,2206,3065,33,12153,4997,0,10,17817
32,6354,1081,2247,32054,7284,62117,301500,20679,418,4407,2888,15762,61,134,1446,8619,46,43596,0,2179,2,11880,0,99,0,5610,31457,2846,3020,18,11993,4105,0,6,14644
33,5656,938,1870,28932,7217,72483,93000,26834,559,6059,4020,21693,164,378,223,1185,10,5937,0,2313,3,12514,0,126,0,1616,8782,2319,3164,38,12555,3330,0,1,11872
34,6237,1131,2261,31296,6897,70526,325650,21194,572,7306,4773,26125,56,87,224,1185,10,5937,0,5346,4,29136,0,197,0,5595,31413,3254,4708,41,21852,3487,0,4,12514
35,3994,757,1698,20045,2978,26873,137550,8807,223,2648,1729,9447,45,67,591,3145,22,15762,0,1617,2,8845,0,70,0,3419,18577,1960,3042,19,12153,5355,0,4,19064
36,6594,1144,2251,33507,3231,27094,36450,9823,237,2871,1871,10259,130,219,438,2346,19,11758,0,2177,1,11870,0,56,0,1089,5939,956,1988,34,9836,4394,0,3,15710
37,2810,531,1159,14114,1864,18377,219000,6060,283,3330,2178,11874,57,68,807,4236,33,21271,0,2180,2,11886,0,122,0,3309,18011,1997,3057,27,11870,6137,0,10,21847
38,1732,333,747,8682,6526,59225,148650,21815,490,5638,3522,19848,157,311,335,1818,13,9075,0,2694,1,14630,0,126,0,2202,11997,2408,2731,30,11874,1665,0,4,5937
39,8593,1458,2850,44160,1817,17828,174750,6060,406,5577,3646,19906,61,118,546,3792,30,18999,0,3545,4,19262,0,80,0,2872,15646,2897,3640,47,14308,3332,0,5,11880
40,7861,1376,2613,40563,3252,28575,177450,8684,434,4743,2937,16579,115,211,458,2047,10,10259,0,2685,3,14612,0,155,0,2641,14307,2025,3622,53,15700,5024,5,10,17872
41,8284,1439,2694,42667,4548,44276,353550,15644,534,5656,3537,19926,84,136,946,5452,28,27827,0,2890,5,15774,0,83,0,6213,34796,3432,3790,49,16196,3497,0,4,12512
42,9151,1453,2912,48048,1844,17907,30450,6066,297,3330,2178,11874,63,125,243,1292,9,6519,0,1611,2,8684,0,68,0,522,2747,1954,2316,29,9825,4506,0,9,16080
43,8502,1314,2445,44220,7112,71669,225450,21822,302,3282,2170,11773,163,289,753,4578,20,23438,0,3826,5,20947,0,183,0,3472,19023,1260,2102,37,8682,2689,0,4,9625
44,8036,1347,2301,41018,3830,42661,71400,12003,242,2396,1560,8476,46,84,455,2417,14,12130,0,2878,4,15707,0,136,0,1224,6577,3857,4502,37,17940,1650,0,0,5879
45,10306,1765,2477,53194,3785,35554,202350,11853,245,2772,1813,9987,73,133,546,2928,20,14689,0,3393,4,18489,0,124,0,3375,18510,1895,3042,38,12514,6044,0,6,21589
46,11162,1831,2929,58191,942,9564,135900,3060,272,3330,2178,11874,105,155,218,1180,9,5911,0,2171,1,11822,0,84,0,2201,11993,2607,3093,29,12963,3486,0,4,12465
47,9907,1811,2728,50200,6090,71252,160950,18610,194,1665,1089,5937,57,89,221,1186,10,5943,0,1090,0,5943,0,54,0,2178,11874,1689,2891,43,12581,2453,0,6,8740
48,9812,1692,2501,50237,7984,80518,75300,28552,787,8971,5743,31725,165,256,826,4561,29,22919,0,2178,3,11874,0,110,0,1114,6066,2404,2918,35,11880,5911,0,15,21114
49,9411,1647,2491,48591,1747,18918,81450,5937,136,1664,1088,5933,72,168,261,1423,6,7104,0,1089,1,5937,0,107,0,1089,5937,1175,2082,48,8671,2424,0,2,8635
50,12996,2168,3114,70258,1844,18901,108000,6060,459,5156,3404,18463,275,504,1092,5850,40,29355,1,3989,5,21720,0,26,0,1621,8742,2661,3673,34,19393,4089,0,10,14573
51,11228,1886,2977,55994,1689,17119,370050,6062,195,2756,1793,9834,34,40,332,1804,13,9007,0,1089,2,5937,0,117,0,5789,31575,3251,3701,35,14728,5455,0,14,19164
52,12721,2043,2836,67041,7958,88195,58650,27349,298,3330,2178,11874,111,176,446,2389,17,11992,0,1090,2,5943,0,93,0,1088,5933,2427,3022,50,11874,1665,0,2,5937
53,10928,1692,2615,56894,993,10726,159600,3261,338,3413,2252,12221,55,71,223,1208,7,6066,0,1089,1,5937,0,46,0,2202,11997,1110,2418,32,8686,1665,0,3,5937
54,10613,1665,2785,55357,3874,35598,76350,11992,651,7898,5203,28288,171,283,501,2722,16,13651,0,3427,3,18580,0,121,0,1089,5937,3211,3899,36,16288,1635,0,4,5821
55,10410,1775,2700,53918,1858,18822,115500,6060,988,10207,6195,37856,192,453,1032,7721,54,36816,0,4143,6,22678,0,71,0,1865,10212,2024,2630,54,16946,2425,0,0,8684
56,8046,1318,2077,40455,2049,19800,158550,5937,285,3375,2202,11997,143,285,440,2430,17,12214,0,2314,2,12575,0,301,0,2493,13597,2806,2908,19,12003,7018,0,13,25099
57,7489,1319,1794,37654,2209,25962,67350,9820,738,7191,4462,25159,198,455,1121,5903,36,29604,0,2915,1,15865,0,57,0,1114,6066,1831,2197,28,8687,2734,2,2,9754
58,8847,1610,1702,44628,4416,35894,148350,12648,580,7009,4561,24960,278,404,601,3133,23,15704,0,1089,1,5937,0,99,0,2954,16136,2892,3860,95,18446,3330,0,4,11874
59,7137,1308,1627,35949,3179,36464,376050,11874,337,4261,2829,15270,100,194,746,3923,27,19690,0,2716,5,14686,0,210,0,6858,37984,4749,6778,96,26557,1665,0,2,5937
60,13064,2035,2409,68235,2119,18840,333900,5943,476,5947,3859,21130,149,311,230,1186,10,5943,0,4625,4,25267,0,43,0,5204,28421,1336,2317,35,9773,6490,1,8,22693
61,12403,1836,2177,65393,3834,34317,74550,11886,139,1667,1090,5943,55,84,214,1210,7,6070,0,522,0,2747,0,156,0,1114,6066,4585,5993,74,27006,6827,0,6,24378
62,15084,2314,2741,78738,9463,101886,192600,29145,217,2871,1871,10259,100,160,214,1208,7,6066,0,2350,2,12899,0,48,0,2888,15762,1447,1650,13,5937,3489,0,4,12520
63,10998,1732,1619,56598,5166,43841,78600,14792,505,5720,3570,20194,42,89,220,1185,10,5937,0,1089,1,5937,0,89,0,1089,5937,1520,1676,16,5933,4821,2,2,17210
64,9997,1554,1867,51952,1933,17246,77550,5937,282,3330,2178,11874,154,260,634,3705,26,18642,0,2180,1,11886,0,57,0,1090,5943,1403,2192,50,8896,4341,0,6,15593
65,7263,1185,1413,37270,1456,14597,111900,5934,139,1665,1089,5937,66,113,530,2787,14,13941,0,1089,2,5937,0,163,0,1621,8758,3110,4503,80,17994,4895,0,8,17415
66,7659,1272,1664,39205,2970,28721,189600,9831,218,2742,1799,9825,126,221,573,3146,23,15768,0,1089,1,5937,0,56,0,2693,14624,1991,2149,29,9830,3642,0,6,12960
67,7515,1331,1612,38291,2736,27875,114300,10122,220,2829,1699,9736,46,79,227,1208,7,6067,0,3766,3,20942,0,108,0,1799,9825,334,870,8,2747,1665,0,2,5937
68,10581,1760,2150,54691,10842,109668,191100,37761,138,1665,1089,5937,53,85,218,1185,10,5937,0,2827,4,15398,0,50,0,2764,15534,3419,3820,33,16199,3332,0,5,11880
69,7881,1284,1655,40632,2195,18777,107550,5943,138,1665,1089,5937,194,363,1069,5639,36,28286,1,3660,1,21288,0,53,0,2710,14695,1047,1563,16,5937,2744,0,6,9780
70,8049,1411,1820,41231,6238,64138,67800,17811,431,5859,3831,20813,53,118,447,2385,21,11972,0,1089,1,5937,0,104,0,1604,8687,1606,1579,20,5937,1642,0,3,5898
71,6410,1109,1448,32994,2102,18323,67350,5937,685,7724,5059,27584,54,87,476,2583,21,12954,0,2203,3,12003,0,278,0,1089,5937,3182,5736,68,27278,1709,0,4,6056
72,7931,1376,1956,40418,4289,35193,364200,11874,352,4563,3009,16353,39,82,219,1168,10,5853,0,4560,6,25428,0,145,0,5992,33564,1671,2506,27,10166,1665,0,4,5937
73,8395,1235,2677,44502,3898,37466,230250,12120,264,3377,2203,12003,126,196,600,3359,26,16455,1,4769,5,26701,0,58,0,3545,19246,1514,1482,15,7020,3330,0,8,11874
74,13739,2061,4297,72512,5305,56498,195150,15704,136,1665,1089,5937,151,252,677,3577,27,17934,0,1885,2,10421,0,57,0,2928,15960,1561,1618,16,5943,6238,0,11,22423
75,7998,1425,1942,40609,4192,36081,73950,11880,753,9010,5915,32232,57,201,274,1748,14,8807,0,2202,3,11997,0,143,0,1089,5937,3255,3801,51,14619,6977,0,9,24836
76,7897,1278,2451,40905,4206,36583,71550,11886,503,6073,3977,21701,129,255,592,3227,15,16219,0,4003,3,21829,0,173,0,1113,6060,3989,4630,45,17817,3315,0,2,11816
77,6742,1110,2342,34626,4068,37590,234450,11997,305,3375,2202,11997,31,141,217,1186,10,5943,0,3975,4,22540,0,21,0,3282,17880,1737,3574,40,14846,5174,0,4,18496
78,11903,1886,3730,61688,4438,35289,219300,11997,484,5876,3600,20522,105,196,1461,7970,45,40008,0,1815,2,9890,0,40,0,3208,17294,1783,1601,20,7091,3332,0,6,11880
79,12048,2025,4006,62369,8813,86085,182100,27243,937,7753,4771,27190,43,85,346,1844,13,9204,0,1102,1,6093,0,110,0,3413,18661,1060,1539,15,5937,7105,3,2,25035
80,8257,1360,2528,42514,3263,34819,150150,9899,351,4132,2709,14689,107,211,213,1184,5,5933,0,3405,4,18501,0,69,0,2178,11874,2883,3381,28,14747,2762,0,2,9855
81,9664,1707,3352,48998,4366,36392,121800,11874,141,1693,1102,6093,43,90,441,2369,20,11870,0,1089,1,5937,0,59,0,2202,11946,1805,2213,46,8728,1665,0,8,5937
82,7173,984,1511,36762,2164,18101,71100,5937,139,1710,1113,6060,57,90,350,1755,9,8812,0,3403,4,18512,0,106,0,1611,8684,4460,5929,179,42839,4104,0,11,14630
83,7838,1330,2696,39780,4290,35397,79050,11874,414,4883,3225,17416,166,248,442,2370,20,11874,0,3258,3,17749,0,29,0,1089,5937,3888,4586,44,18958,7570,6,7,26527
84,5546,915,1975,28243,2155,17603,80700,5937,72,905,567,3190,136,246,323,1726,17,8684,0,1089,1,5937,0,280,0,1333,7396,2506,3039,23,13730,4366,0,10,15730
85,9919,1805,3559,50299,5178,44065,154350,14630,279,3330,2178,11874,146,407,251,1395,6,6962,0,2694,3,14630,0,113,0,2179,11880,2520,3117,17,11997,5771,0,9,20049
86,6778,1257,2554,34546,7219,62027,163950,20685,405,5071,3304,18100,175,254,431,2407,17,12093,0,3781,3,20557,0,72,0,2866,16109,1450,2357,34,8807,3330,0,5,11874
87,10131,1762,3800,52513,2122,19032,253500,5937,133,1665,1089,5937,54,88,601,3248,23,16333,0,1604,1,8689,0,124,0,5309,28783,2438,3528,31,15700,4137,0,10,14728
88,11066,1754,3870,57782,6159,68190,205200,19598,387,4514,2786,15803,86,118,1001,5373,27,26974,0,2774,3,15650,0,112,0,4692,25562,3454,3909,53,15254,2597,0,2,9204
89,9826,1736,3341,50387,6772,67726,200700,20249,457,6272,4132,22452,47,86,185,1185,6,5937,0,3710,2,20122,0,152,0,3269,17846,3169,5966,96,29951,4119,0,11,14692
90,10666,1881,3552,54669,2138,18658,157350,5943,929,8657,5282,30306,133,295,371,1960,13,9825,0,3471,3,18963,0,44,0,2326,12687,3901,5073,70,26751,4509,4,4,15844
91,8347,1508,3127,42464,2085,17465,77100,5937,136,1665,1089,5937,42,57,442,2354,20,11805,0,2725,5,14744,0,16,0,1113,6060,2741,3817,49,14497,4542,0,6,16179
92,9939,1792,3603,50909,2044,17489,162300,5937,287,3410,2252,12200,225,592,438,2711,15,13597,0,2324,3,12655,0,73,0,2203,12003,2302,2758,26,12696,2679,0,3,9666
93,5824,1050,2336,29189,4265,35779,72750,11876,138,1665,1089,5937,128,192,223,1185,10,5937,0,3290,4,17930,0,46,0,1088,5933,1973,2245,28,9224,8150,0,21,29018
94,8459,1354,3177,44052,10509,95287,353550,31288,191,1665,1089,5937,59,72,1334,8294,49,42584,0,1069,1,5801,0,105,0,5759,31692,4741,5533,61,21388,1713,0,4,6070
95,5283,912,2033,26975,2090,17630,102300,5943,418,5169,3409,18510,97,186,592,3497,16,18040,1,551,1,2882,0,71,0,1721,9389,1190,1502,21,7020,1665,0,3,5937
96,10941,1849,4287,56446,2189,18396,112800,5937,71,905,567,3190,30,43,566,2907,23,14572,0,6386,4,35612,0,60,0,2153,11647,2329,4348,121,26213,7581,1,15,27107
97,8423,1351,3174,43948,15714,168182,363900,64676,148,1687,1098,6073,124,210,371,1924,17,9672,0,1233,1,6739,0,287,0,8151,44304,6798,8866,124,45313,1693,0,4,5993
98,7556,1234,2738,38917,2931,31245,105300,10792,1622,16523,10258,58865,126,377,737,3913,22,19644,0,2226,3,12120,0,43,0,1604,8687,1197,1608,20,7396,6430,2,6,23621
99,6993,1078,2509,36242,4015,35417,196350,11874,211,2650,1732,9458,87,141,685,3521,20,17680,0,3411,3,18515,0,72,0,2717,14747,2976,3097,30,11842,7827,0,11,27970
100,8247,1229,3207,43702,5133,56132,231900,15710,131,1712,1114,6066,53,140,331,1733,13,8687,0,3670,6,20078,0,117,0,4053,22418,1800,2364,15,8803,1665,0,4,5937
101,8043,1370,2779,40900,10371,108611,245100,46996,523,6716,4440,24218,233,573,730,4520,19,23103,0,1696,2,9321,0,154,0,3632,19783,2443,3129,30,12830,1665,0,2,5937
102,6475,1157,2307,32948,2779,29023,85800,9643,259,2984,1947,10676,204,399,334,1733,13,8687,0,1089,0,5937,0,70,0,1278,7084,2496,3075,41,11818,2425,0,3,8684
103,5569,1059,1433,27931,3716,33495,124200,11880,413,5080,3339,18163,67,117,504,3286,19,16525,1,6804,4,41321,0,64,0,1604,8687,1145,1482,9,6066,6602,0,11,23637
104,5385,958,1955,27466,2075,17612,73500,5937,446,4607,2980,16465,134,187,892,4733,27,23702,0,1628,2,8810,0,90,0,1089,5937,2994,3143,31,11880,1665,0,2,5937
105,5648,1079,2184,28380,4863,45883,231900,16014,863,10421,6872,37287,29,41,229,1184,10,5932,0,4070,2,22696,0,183,0,3882,22245,199,649,9,2798,4409,0,5,15768
106,12543,1696,3605,62077,7345,77488,326250,23862,208,2441,1610,8695,57,103,1594,8899,57,45142,0,4758,1,25800,0,224,0,5762,31926,4911,6530,90,31418,1665,0,3,5937
107,6668,1213,2312,33554,4102,44307,94050,14748,951,10286,6554,36338,40,49,474,2604,16,13015,0,2170,2,11816,0,80,0,2897,15830,3109,3878,50,15773,10655,4,3,39381
108,6613,1218,2533,33226,2132,18385,157350,5937,568,6224,3825,22040,31,75,322,1748,13,8807,0,1089,1,5937,0,125,0,2178,11874,1358,1567,16,5937,2648,0,6,9447
109,9994,1644,3005,51479,1892,17075,187200,5943,183,2455,1615,8746,104,252,588,3067,18,15384,0,4136,5,22462,0,45,0,2888,15762,2546,3060,29,11874,4146,0,6,14738
110,11310,1817,3431,58685,2925,25629,155100,8687,461,5785,3793,20620,54,86,307,1939,9,9701,1,5550,6,30844,0,54,0,2177,11870,240,809,8,2743,1711,0,2,6064
111,8003,1367,2618,41422,4142,34717,108300,11874,391,4796,3164,17077,101,167,443,2370,19,11874,0,1806,1,9981,0,187,0,1799,9825,2899,3826,47,15702,3358,0,9,12030
112,10717,1806,3141,55970,3051,26634,76950,8693,668,8298,5280,29356,139,282,218,1186,10,5943,0,2753,3,14935,0,56,0,1089,5937,3615,4378,67,20808,4435,0,10,15814
113,5946,1113,2322,29831,5114,43125,70050,14619,392,5161,3380,18399,173,265,103,537,7,2736,0,1089,0,5937,0,306,0,1089,5937,2381,2288,17,9204,3377,0,9,12003
114,10120,1633,3134,52394,2962,26310,176400,8693,258,3375,2202,11997,146,224,480,2604,16,13017,0,3437,5,19259,0,12,0,6428,35800,4049,4453,44,17939,4452,0,14,15885
115,8949,1390,2684,46559,8835,81605,194550,33002,142,1637,1074,5827,54,108,618,4127,25,21236,0,2161,2,11812,0,154,0,3975,21686,1680,1619,8,5937,2435,0,4,8682
116,7354,1292,2487,37640,2121,17932,208050,5937,250,2417,1606,8658,41,49,475,2604,16,13015,0,3307,1,17999,0,112,0,3918,21207,2905,4078,51,23760,2871,3,4,10259
117,11089,1693,3350,57920,4650,42172,113850,14630,385,4406,2874,15713,41,79,663,3545,30,17765,0,3225,3,17480,0,57,0,1658,9139,3747,4170,62,20095,6018,1,15,21557
118,5317,1000,1812,26715,6473,60545,232500,20679,573,7333,4835,26278,131,282,329,1726,17,8684,0,5048,5,27403,0,101,0,3348,18276,4837,7108,84,28054,6282,0,12,22446
119,10634,1707,3303,55347,3184,27118,199800,8684,295,3340,2169,11867,132,234,484,2592,20,12970,0,2178,3,11874,0,160,0,2888,15762,3097,3899,56,19256,4138,0,2,14671
120,11945,1826,3479,62524,2784,26707,73350,9776,438,5026,3283,17878,40,108,220,1186,10,5943,0,1604,0,8689,0,133,0,1090,5943,4926,6057,47,23372,6102,6,4,21764
121,12261,1969,3605,64435,8207,74486,187650,25413,360,4077,2693,14569,114,167,1030,6510,51,35777,0,1089,1,5937,0,46,0,2700,14621,2743,3110,35,13034,6893,0,14,24580
122,12021,1721,4144,62619,4127,36144,223200,12003,211,2755,1794,9823,130,292,747,4147,26,18615,0,5086,5,28223,0,218,0,3440,18842,1631,1611,12,5937,1710,0,6,6060
123,12226,1983,3668,63583,4754,41953,229350,14744,580,7288,4596,25626,98,233,634,3601,24,18069,0,3803,5,20673,0,136,0,3292,17940,4740,4799,48,17817,6116,0,10,21816
124,10734,1787,3753,55250,7473,82033,177300,25638,429,5092,3352,18206,47,72,446,2370,17,11876,0,2925,3,16036,0,214,0,3291,17934,4292,5136,55,21824,4989,0,5,17791
125,9507,1634,3484,48239,3966,35417,42450,12003,242,2470,1635,8807,103,174,225,1207,13,6060,0,2178,2,11876,0,90,0,1102,6093,2273,3025,78,12210,3424,0,5,12212
126,10024,1575,4214,52341,1966,17483,76050,5943,345,4300,2811,15332,31,82,805,4919,26,23907,0,1089,0,5937,0,48,0,1090,5943,2604,2894,22,11870,3332,0,3,11880
127,11042,1725,3807,57896,5046,55884,369600,15309,728,6797,4187,24075,171,295,859,5030,31,25704,0,6955,3,42113,0,214,0,5722,31773,2103,2772,30,12159,3329,0,4,11870
128,13540,1951,4107,71122,6496,67626,207300,26488,142,1665,1089,5937,98,170,695,3957,20,19833,0,2975,3,16288,0,201,0,3018,15621,2587,3488,82,19111,3359,0,6,11935
129,7983,1215,2843,41585,1910,18399,70800,5943,349,4451,2911,15881,149,295,114,599,4,2991,0,3287,4,17914,0,131,0,1089,5937,3281,4456,72,23468,5178,0,12,18479
130,9788,1508,2206,50512,1857,18369,155700,6060,469,6096,4001,21745,175,249,336,1755,10,8810,0,1089,1,5937,0,55,0,2171,11822,989,1279,24,5932,1665,0,6,5937
131,13884,1875,1712,72066,6212,54703,224100,17909,229,2727,1791,9767,202,334,545,2940,20,14747,0,2179,2,11880,0,157,0,3292,17940,3159,3151,29,11874,6564,0,5,23175
132,12306,1730,1419,63289,3959,40326,226050,16142,824,10203,6683,36379,107,197,570,3132,23,15699,0,3292,3,17940,0,156,0,3267,17806,3405,4546,44,21986,5087,0,4,18063
133,12693,1838,2534,65720,2996,36188,20550,8926,281,3330,2178,11874,69,110,607,3606,16,18600,0,1799,1,9825,0,108,0,1088,5933,2110,2611,37,15958,5752,0,6,20320
134,4906,844,1726,25035,6372,57372,224700,17817,451,5461,3611,19667,44,84,229,1197,7,6006,0,1089,0,5937,0,69,0,3804,20677,985,1530,14,5937,1712,0,4,6066
135,2391,460,957,12045,2112,18226,73650,5937,201,2741,1785,9776,102,142,869,4851,35,24378,0,4001,5,21849,0,117,0,1089,5937,1895,3015,33,11880,5025,0,8,17973
136,4857,742,1750,24833,1997,17404,80100,6093,554,6540,4296,23310,40,60,1414,7511,48,37670,0,2179,2,11880,0,109,0,1089,5937,2406,3087,48,13051,1665,0,4,5937
137,1185,174,476,5937,4185,35007,139950,11874,127,1710,1113,6060,100,156,235,1196,8,6008,0,3964,5,21601,0,57,0,2203,12003,2045,2478,25,8684,1665,0,3,5937
138,3884,732,1524,19476,1684,15743,73200,5933,234,2437,1604,8687,109,178,388,2370,19,11875,0,5062,7,27672,0,50,0,1089,5937,3375,3637,29,15131,3377,0,7,12003
139,3578,682,1487,17940,5162,44532,70050,14572,766,7172,4562,25438,53,75,447,2393,17,12003,0,1089,1,5937,0,99,0,1090,5943,3598,4660,55,18457,8865,0,20,31269
140,1936,297,708,10148,4969,49475,144300,22127,449,6295,4121,22459,50,85,233,1207,7,6060,0,2178,3,11874,0,40,0,2195,11945,1498,1469,14,7026,892,0,2,3138
141,1185,226,468,5937,5147,52385,76200,14630,292,3317,2171,11822,192,365,442,2358,20,11816,0,1089,3,5937,0,190,0,1089,5937,1593,1486,10,6060,5164,0,6,18481
142,8690,1512,3470,44098,2786,33143,130050,12009,143,1665,1089,5937,183,284,657,4054,39,20946,0,1090,1,5943,0,46,0,3927,21256,892,1514,29,5943,1665,0,3,5937
143,3308,615,1323,16564,5145,44289,214350,14620,370,4471,2765,15589,114,189,222,1211,10,6089,0,1090,2,5943,0,158,0,3970,21693,2472,3953,45,14623,4502,0,10,16104
144,1207,228,457,6060,2586,24053,114450,8682,547,6875,4507,24518,48,76,1118,6038,36,30348,0,5558,9,30650,0,42,0,2202,11992,3741,4987,94,21583,8510,0,16,30012
145,1185,224,465,5937,2150,18298,68400,6093,412,5785,3764,20652,131,333,565,3030,23,15168,0,2909,2,15988,0,101,0,1089,5937,3142,3757,55,16543,2105,0,4,7486
146,1186,223,470,5943,6218,55259,69450,18463,522,6111,3997,21802,211,337,445,2370,20,11874,0,3806,2,20684,0,103,0,1089,5937,1899,2426,26,8684,4438,0,3,15831
147,1756,340,691,8816,2015,17626,76950,5937,160,1649,1080,5875,181,349,461,2420,18,12159,0,2178,3,11874,0,43,0,1089,5937,4078,4304,45,19019,4982,0,4,17759
148,6036,1041,1365,30801,2123,18630,150900,5937,280,2786,1828,9930,66,124,226,1185,10,5937,0,7191,9,39056,0,130,0,2203,12003,975,1506,10,5943,1650,0,0,5879
149,1185,224,466,5937,8575,75952,79050,26314,602,7460,4884,26552,94,171,291,1784,11,8980,0,1090,1,5943,0,51,0,1089,5937,1271,1952,28,8677,3330,0,7,11874
150,2392,404,926,11997,14025,123375,219900,45238,864,9613,6307,34329,122,195,969,5086,29,25485,0,5185,6,28211,0,135,0,3253,17723,3369,3552,41,15874,5041,0,2,17938
151,1173,219,496,5879,4157,46344,201750,11870,147,1665,1089,5937,117,213,217,1180,10,5911,0,1089,1,5937,0,68,0,3373,21963,252,1237,32,5770,1665,0,0,5937
152,1185,223,472,5937,1987,20208,378900,5943,343,4099,2692,14614,58,91,1433,8394,52,42515,0,2693,3,14624,0,171,0,5578,30366,4177,5150,49,22164,10212,14,2,35976
153,2392,453,976,11997,3844,33740,22800,11887,447,4344,2872,15603,108,172,349,1947,8,9763,0,5057,6,27574,0,52,0,1089,5937,1591,1502,8,6060,1665,0,0,5937
154,6788,1030,2535,35129,1439,15445,43050,5937,485,5814,3789,20658,112,178,548,2940,20,14748,0,3417,3,18674,0,64,0,1089,5937,1766,2345,27,9831,2447,0,6,8742
155,3357,613,1299,16799,9342,99670,72000,32184,291,3375,2202,11997,51,107,913,5113,29,26176,0,1089,3,5937,0,211,0,1089,5937,4276,7132,112,27376,932,0,0,3267
156,3809,717,1429,19134,5161,45036,307350,14887,715,8610,5655,30774,124,312,586,3175,16,15894,0,1081,0,5879,0,112,0,4485,24342,2826,3296,37,13397,3330,0,6,11874
157,3555,672,1502,17813,1985,17591,153300,5937,155,1665,1089,5937,139,291,224,1185,10,5937,0,2178,4,11876,0,55,0,2358,12957,1158,1256,10,6060,3377,6,9,12003
158,8160,1402,2452,41395,4169,35035,73500,11880,500,4680,2872,16461,42,88,674,3578,27,17940,0,2178,4,11874,0,137,0,1089,5937,1818,2361,37,9825,1665,0,0,5937
159,1209,187,320,6064,1979,17132,108150,5937,540,5812,3606,20573,97,166,218,1185,10,5937,0,5155,2,29073,0,72,0,1800,9831,1623,1511,14,6060,780,0,2,2799
160,1727,333,709,8690,6548,62807,78000,26015,160,1665,1089,5937,147,247,755,4366,23,22401,0,2366,2,13015,0,211,0,1090,5943,4114,6686,93,35880,3657,0,2,13028
161,5957,1133,1467,29842,8631,96808,363600,29405,423,4081,2695,14595,65,115,570,3145,23,15762,0,1089,0,5937,0,90,0,7100,39567,2927,2968,42,12704,10626,0,11,36934
162,3995,733,1591,20026,2091,18953,151500,5943,414,4404,2873,15707,105,170,381,2074,14,10415,0,1090,0,5943,0,47,0,3536,19330,608,1518,19,5879,5181,0,6,18518
163,4092,778,1667,20511,3714,35932,69300,12130,380,5085,3315,18057,43,84,1512,8869,44,45526,0,3394,5,18445,0,76,0,1090,5943,871,1466,23,6060,780,0,0,2799
164,3145,586,1266,15762,3101,33231,116100,14522,335,4162,2726,14796,159,239,978,5368,28,26915,0,5095,5,27574,0,164,0,1799,9825,4372,4823,68,18521,3569,0,4,12708
165,1212,232,480,6093,4683,44709,194850,14747,125,1712,1114,6066,83,168,333,1774,10,8911,0,5076,7,27717,0,143,0,2953,16139,2849,3466,53,15818,5278,0,5,18830
166,4086,586,1234,20338,1767,17787,198000,6066,295,3299,2177,11815,74,160,451,2370,20,11874,0,2321,3,12572,0,116,0,2889,15768,4139,5429,62,21641,1710,0,4,6060
167,3043,541,1125,15802,1985,22849,72000,8624,481,5165,3389,18360,35,68,445,2397,20,12030,0,2711,1,14824,0,75,0,1089,5937,891,1706,84,9200,8498,0,10,30340
168,3133,531,1222,15704,6692,66576,74400,20856,1006,9991,6414,35507,143,490,552,2934,23,14750,0,2195,1,11945,0,199,0,1089,5937,3695,3584,32,13144,3374,0,4,11993
169,4104,765,1694,20567,3136,31757,108900,10286,485,4275,2838,15317,95,173,333,1829,13,9127,0,2942,2,16753,0,130,0,1619,8736,2548,3123,42,11880,2410,0,2,8626
170,1185,225,468,5937,5242,41380,193950,14435,798,8438,6764,37845,55,91,822,4768,41,24544,0,2179,4,11880,0,78,0,2894,15827,3549,4610,85,22203,3631,0,2,12953
171,1733,327,671,8687,7143,75464,247950,26821,875,6391,2685,14623,84,148,461,2392,17,11997,1,7665,3,48152,0,126,0,6250,34729,961,1513,18,5937,5087,5,2,18063
172,1733,334,671,8687,2706,27333,154800,8816,157,1665,1089,5937,51,74,759,5121,29,26097,0,1089,1,5937,0,103,0,2457,14260,4867,7998,111,36036,1667,0,0,5943
173,1185,221,507,5937,1826,18402,154800,6066,468,5812,3807,20685,240,495,352,1865,11,9321,0,1799,0,9825,0,87,0,2178,11874,2138,2962,41,13606,6958,0,2,24821
174,7942,1299,2186,40374,2743,24603,67350,8735,161,1665,1089,5937,184,284,221,1185,10,5937,0,1113,1,6060,0,59,0,1104,6006,255,1265,23,5759,5164,2,4,18454
175,1734,270,662,8736,4505,42863,158850,14870,600,6659,4355,23744,111,196,592,3145,22,15762,0,2888,2,15762,0,136,0,3762,21483,1958,3264,33,11880,7231,1,14,25451
176,1831,339,767,9140,7349,62711,56100,22031,271,3422,2227,12126,49,78,218,1185,10,5937,0,4535,2,24655,0,61,0,1089,5937,1450,1521,16,5937,3315,0,5,11816
177,4804,819,1774,24449,3731,36518,75900,12126,577,5950,3684,20984,189,374,689,3597,21,18049,0,1799,1,9825,0,142,0,1089,5937,798,843,8,2747,5859,0,13,20813
178,1186,226,509,5943,3871,36277,113400,12068,161,1665,1089,5937,145,252,488,3038,20,15765,0,1089,0,5937,0,115,0,1611,8684,3251,3753,39,15008,3403,0,2,12153
179,1743,335,745,8740,4888,42411,148650,14806,422,4997,3268,17817,103,176,438,2371,20,11880,0,3281,2,17973,0,96,0,2390,13140,4549,5285,52,21828,5512,0,6,19166
180,6556,1138,2601,33366,5913,71119,139500,18635,273,3329,2177,11870,98,210,223,1186,10,5943,0,1089,2,5937,0,55,0,2177,11870,3334,3880,64,15762,2437,0,4,8687
181,2371,445,1015,11880,7297,78616,144300,24769,386,5041,3290,17938,51,83,792,4306,33,21583,0,3970,4,21647,0,120,0,2178,11874,5095,6404,68,24452,4999,0,1,17823
182,1186,224,532,5943,3616,34913,41250,12126,415,4999,3269,17823,105,175,388,2059,15,10301,0,2718,4,14753,0,60,0,1605,8693,825,2065,38,9712,1664,0,0,5933
183,1186,220,475,5943,1849,17667,246300,5937,133,1665,1089,5937,44,78,1031,5634,38,28278,0,1089,0,5937,0,200,0,3790,20564,3049,3149,44,11874,3330,0,6,11874
184,3776,676,1481,18928,6177,64181,36600,18582,160,1667,1090,5943,92,309,466,2614,13,13080,0,1114,0,6061,0,124,0,568,3196,2174,3143,38,11997,4405,0,1,15757
185,2381,458,1058,11945,3922,41987,334800,13614,768,10178,6523,36062,169,361,223,1185,10,5937,0,1089,0,5937,0,64,0,5079,27692,2560,3163,35,11874,5025,0,5,17876
186,4584,703,1457,24184,4234,36419,72000,11870,134,1665,1089,5937,82,112,372,2047,14,10259,0,5709,3,31908,0,134,0,1086,5926,2549,3112,36,11816,5982,0,7,21326
187,2356,445,974,11817,2116,17187,108300,5937,695,8171,5192,28794,55,90,221,1185,10,5937,0,2692,5,14615,0,263,0,1784,9715,962,1409,29,5933,1665,0,1,5937
188,2912,565,1244,14627,7476,83466,33000,25917,582,6467,4040,22775,50,84,1047,6653,29,34396,0,1089,0,5937,0,47,0,522,2747,4811,8180,141,40784,11774,0,12,41400
189,5890,1089,1491,29520,7650,87977,173850,24136,275,2881,1877,10297,97,148,762,4825,21,25277,2,2409,1,14007,0,51,0,2576,14148,1906,3049,86,11720,1952,0,2,6962
190,1185,222,470,5937,3862,36765,70800,11876,177,1665,1089,5937,100,315,471,2602,18,13035,0,1089,1,5937,0,44,0,1090,5943,2445,3465,80,14630,1712,0,2,6066
191,2370,442,960,11874,1552,15414,245700,6060,510,5810,3806,20679,168,245,955,5035,34,25296,0,5136,5,27848,0,41,0,6318,35286,1022,1364,37,5933,1665,0,0,5937
192,2508,416,978,12575,5373,46409,120000,15918,388,4312,2855,15485,55,87,487,2601,12,13018,0,3260,3,17759,0,49,0,2819,15390,1781,2066,29,8687,1665,0,4,5937
193,1185,223,465,5937,5447,53582,89700,20930,373,3613,2350,12856,193,385,222,1185,10,5937,0,1612,1,8690,0,94,0,1190,6283,2670,3310,40,11874,1710,0,4,6060
194,2822,517,1099,14147,3411,29348,120000,9821,270,2718,1785,9737,62,93,400,2413,13,12116,0,2503,1,13711,0,59,0,1851,10103,6247,7453,109,30334,8480,0,9,30272
195,5038,848,1896,25822,3798,34327,76800,11536,272,3199,2127,11440,242,383,759,5845,41,27435,0,1090,2,5943,0,200,0,1089,5937,1520,1577,20,5937,3362,0,8,11945
196,2930,489,1059,14675,6043,56322,69600,19242,888,8637,5666,30996,70,123,393,2232,16,11193,0,4001,5,21819,0,57,0,1089,5937,1128,1945,42,8730,3332,0,0,11880
197,1960,305,743,9825,7443,67079,146850,22743,306,3514,2314,12575,47,86,877,4723,31,23688,0,1799,3,9825,0,113,0,2203,12003,1688,3475,68,22451,2473,0,0,8892
198,1960,364,788,9825,2078,21372,152100,5939,500,6056,3968,21637,80,154,390,2369,19,11870,0,5581,6,30331,0,56,0,2178,11874,4397,5880,122,24868,11878,0,2,42603
199,1186,220,473,5943,1465,15953,79350,5932,336,3501,2307,12523,59,88,719,3689,26,18501,0,1873,7,10974,0,209,0,1085,5917,1698,1537,19,7078,7764,0,5,27684
200,3693,595,1398,19007,2159,19004,192600,5937,178,1665,1089,5937,109,155,217,1209,7,6064,0,1089,1,5937,0,39,0,4510,30772,4169,6981,123,29249,1650,0,2,5879
201,2514,481,1044,12612,6422,55117,385350,18560,484,5027,3284,17882,91,190,218,1185,10,5937,0,4166,5,22715,0,102,0,8341,46045,3071,3233,39,11874,2727,0,1,9767
202,5182,938,2110,26034,2094,16292,164250,5937,144,1665,1089,5937,85,163,534,2870,25,14420,0,2134,2,11481,0,41,0,2358,12957,1030,1560,19,5937,6086,0,12,21702
203,2371,441,1019,11880,2978,25743,256200,8687,146,1665,1089,5937,103,149,220,1185,9,5937,0,4010,4,21896,0,101,0,3807,20690,2038,3230,41,11880,3330,0,3,11874
204,3146,589,1235,15768,4075,37160,106350,12575,447,4995,3267,17811,103,200,105,548,3,2794,0,1791,1,9767,0,152,0,1604,8687,2763,3943,56,15758,5769,0,9,20562
205,2919,551,1251,14630,2149,17680,168000,5937,439,4549,2793,15850,260,374,1205,6622,35,33732,0,2806,3,15865,0,83,0,2717,14747,2520,3209,38,11876,2437,0,5,8687
206,1186,220,509,5943,2074,18985,67800,9716,347,3332,2179,11880,138,215,615,3851,22,19816,0,1799,2,9825,0,132,0,1081,5879,1125,1472,8,6070,5973,2,1,21316
207,1185,227,493,5937,6701,81426,75450,28529,442,4995,3267,17811,66,114,550,3193,41,16551,0,1113,0,6060,0,54,0,1113,6060,3408,4571,37,25084,1667,0,1,5943
208,5524,1035,2322,27697,10182,112728,146250,35020,413,4407,2888,15762,166,291,385,2273,20,11429,0,2699,2,14617,0,101,0,2179,11880,751,758,8,3203,4130,0,3,14780
209,3578,600,1439,17941,7270,63356,75600,20448,386,4409,2889,15768,69,148,501,2691,17,13449,0,5365,5,29428,0,100,0,1090,5943,2978,3027,18,12003,4147,0,2,14747
210,1185,221,474,5937,2061,18361,192900,5933,191,2435,1604,8682,264,467,1028,5535,39,27762,0,3848,5,20889,0,242,0,3303,18427,1577,2970,18,12001,4104,0,6,14630
211,2393,400,674,12003,7057,77083,94800,23882,65,760,522,2747,118,288,392,2367,19,11869,0,2202,2,11997,0,92,0,2178,11874,3134,3034,27,11993,1665,0,1,5937
212,4942,851,1628,25338,3082,29278,114450,9075,922,9577,6166,34055,74,434,228,1207,7,6060,0,3257,3,17683,0,107,0,2202,11997,3037,3858,37,14743,2441,0,4,8674
213,2370,444,992,11874,1625,15943,67950,5943,420,4347,2838,15466,138,213,327,1726,17,8684,0,2975,8,16801,0,175,0,1089,5937,2394,3165,40,11874,3330,0,4,11874
214,1726,327,734,8684,6221,53467,301950,18057,560,5676,3516,19874,51,83,557,3003,23,15012,0,4552,4,24760,0,92,0,4681,25541,3602,3848,50,14750,8232,0,11,29335
215,7172,1345,2042,35949,2187,17319,138150,6060,681,6172,3752,21396,50,82,409,2413,15,12116,0,2693,3,14624,0,148,0,2203,12003,1752,2247,34,9256,4772,0,11,16424
216,2370,448,981,11874,3881,34456,71400,11997,266,3534,2338,12643,105,161,496,3167,17,16306,0,6596,7,40226,0,46,0,1090,5943,4463,5942,100,28348,7763,0,6,27522
217,2918,554,1293,14624,5491,52641,156300,17760,77,905,567,3190,63,136,220,1185,10,5937,0,2178,2,11874,0,105,0,2202,11997,2605,2974,16,11997,3343,0,3,11972
218,2509,419,999,12581,3018,27848,186300,8684,144,1665,1089,5937,94,148,895,7030,46,33470,0,4051,4,22025,0,73,0,2713,14777,1025,1565,15,5943,1650,0,1,5879
219,1726,324,743,8684,3004,27977,106050,9828,403,4452,2913,15886,128,215,922,5255,32,26350,0,3968,3,22217,0,163,0,1665,9140,1605,2897,64,12688,4838,2,10,16828
220,4755,835,1006,23817,3700,32718,305100,12003,720,7477,4895,26621,83,127,722,4061,41,20349,0,1089,2,5937,0,110,0,5298,29994,2951,3944,42,14624,3829,0,1,13635
221,2392,461,944,11997,1847,18024,22200,6064,68,760,522,2747,45,83,420,2392,17,11997,0,1604,1,8682,0,129,0,1085,5922,5293,5522,47,24006,6120,0,2,21830
222,2487,434,1028,12549,1246,8582,108300,2747,363,4271,2821,15267,235,494,449,2390,16,11988,0,2900,3,15812,0,188,0,2177,11870,2756,3516,25,14747,3422,0,6,12126
223,3149,603,1313,15760,2925,29075,34800,9819,295,3763,2431,13397,20,25,667,3555,30,17811,0,2890,5,15774,0,107,0,530,2799,1698,2224,22,8687,3358,0,4,12030
224,4586,862,1982,23042,3124,26799,113400,9140,230,2871,1871,10259,57,88,566,3249,21,16293,0,1089,1,5937,0,151,0,1802,9836,2880,3168,30,11880,5168,0,2,18466
225,2432,470,1096,12203,6258,58431,158850,24364,384,3779,2295,13278,105,149,350,2618,12,13696,0,6752,7,37235,0,291,0,2322,12578,2896,4480,57,27273,2772,0,4,9890
226,1734,334,779,8693,5921,55288,254100,17930,904,10243,6724,36705,45,84,228,1186,10,5943,0,559,0,3132,0,64,0,3984,21864,7689,11011,178,48312,2437,0,3,8687
227,1960,363,776,9825,4244,34582,184800,12394,147,1664,1088,5933,49,72,1172,6223,35,31218,0,1089,0,5937,0,149,0,2693,14624,3584,4959,92,25564,12314,9,6,43595
228,1185,224,558,5937,917,9361,189300,3138,355,4452,2912,15885,162,265,227,1185,10,5937,0,3723,5,20220,0,51,0,2880,15706,1402,1696,63,8741,1664,0,2,5933
229,2919,564,1263,14630,1866,17615,206550,6060,139,1665,1089,5937,61,92,224,1185,10,5937,0,1089,1,5937,0,78,0,4507,24485,2772,3880,46,14615,4394,6,10,15710
230,6625,1249,2941,33256,4200,35027,217050,11874,282,3332,2179,11880,120,181,457,2370,20,11874,0,1089,2,5937,0,136,0,3380,18369,2388,3148,45,12030,6381,1,6,22431
231,1202,228,452,5993,1880,18794,338400,6060,790,8027,5096,28354,79,133,565,2925,27,14670,0,2178,3,11874,0,49,0,5152,28183,2508,3011,42,11874,3375,0,4,11997
232,3792,618,1353,19549,1218,9104,68550,2747,150,1665,1089,5937,53,74,441,2370,20,11874,0,4013,4,21982,0,109,0,1089,5937,854,1315,20,9504,5027,0,5,17882
233,3689,694,1472,18501,3993,35341,106050,12256,145,1665,1089,5937,57,78,177,1185,9,5937,1,1736,1,10090,0,68,0,1604,8687,3628,5119,74,24346,1665,5,6,5937
234,2907,490,1146,14572,8960,81865,70800,27635,224,2742,1799,9825,241,387,546,2938,28,14777,0,2203,3,12003,0,124,0,1089,5937,1013,1576,16,5937,4407,0,9,15762
235,6065,1143,2588,30396,4199,43897,107700,11874,282,3330,2178,11874,112,175,257,1407,6,7020,0,5557,7,30207,0,238,0,1604,8687,888,1538,18,5943,4102,0,7,14624
236,4216,804,1906,21172,2026,17159,186300,5937,380,4407,2888,15762,50,126,514,3066,18,15932,0,4381,3,23877,0,122,0,2693,14624,1021,1502,29,5937,1635,0,2,5821
237,644,119,273,3190,1757,17558,183600,6056,510,6106,3995,21776,189,480,222,1185,10,5937,0,1089,0,5937,0,115,0,2716,14743,3337,3966,55,14786,3317,0,6,11822
238,2371,448,1015,11880,2153,17773,248550,5937,909,9045,5457,33655,86,157,891,4798,40,24079,0,2709,3,14674,0,131,0,3821,20667,3107,4485,67,18518,4088,0,10,14568
239,2385,457,1010,11972,6323,77202,66600,18672,138,1667,1090,5943,77,162,925,4884,36,24482,0,1852,1,10134,0,27,0,1089,5937,2367,3692,65,14614,2430,0,4,8666
240,1185,227,516,5937,10224,99128,151800,35483,789,9323,5884,32830,367,761,224,1185,10,5937,0,1235,1,6632,0,165,0,2202,11997,1138,1602,11,5943,4089,0,10,14572
241,3699,651,1453,18611,4268,33385,74400,11816,412,3471,2304,12401,213,406,698,4756,29,24286,0,3862,1,21263,0,48,0,1089,5937,3814,6064,224,53356,1667,0,4,5943
242,1842,351,779,9194,1836,19107,334500,6060,641,8359,5230,29428,107,179,223,1233,7,6212,0,1613,1,8743,0,55,0,5084,27713,5207,6831,127,34029,6653,0,34,23305
243,1791,345,552,9057,6407,53500,174000,18574,328,3376,2201,12001,42,84,454,2388,18,11986,0,1089,1,5937,0,50,0,2693,14626,1615,1492,12,6066,9637,2,19,34209
244,4862,859,1324,24377,3071,26312,71850,9139,139,1665,1089,5937,44,63,667,3540,30,17748,0,1604,1,8687,0,56,0,1089,5937,1535,1559,22,5943,1650,0,3,5879
245,1730,334,683,8680,3903,44742,225000,11939,362,4401,2884,15742,50,84,342,1750,10,8794,0,4098,4,22290,0,49,0,3266,17807,1647,1616,8,5937,4085,0,9,14561
246,7873,993,2416,37472,3823,42148,229200,12159,481,6119,4002,21828,113,196,666,3554,28,17807,0,4440,3,24137,0,100,0,4139,26364,1279,1915,16,8810,2427,0,4,8690
247,2532,471,977,12682,2126,17667,217800,5885,147,1691,1099,6082,161,244,569,3124,22,15667,0,1089,2,5937,0,127,0,3851,21818,1870,2235,38,8687,1982,0,4,7078
248,2393,460,1054,12003,2123,17401,273450,5937,141,1665,1089,5937,93,148,385,2049,13,10271,0,2170,2,11816,0,171,0,4569,25836,6139,8127,97,33391,8573,0,15,30643
249,1185,223,182,5937,2953,30988,78000,9825,428,5176,3399,18497,62,111,457,2370,20,11874,0,1088,0,5933,0,75,0,1088,5933,1310,1548,19,5937,3315,0,5,11816
250,4462,754,1440,22403,4117,34721,158550,11848,142,1657,1084,5911,68,120,348,1753,10,8801,0,1089,1,5937,0,88,0,2203,12003,997,1538,26,5937,3330,0,7,11874
251,1815,298,650,9076,3912,36338,78300,12003,1048,13618,8686,50170,32,43,449,2371,20,11880,0,1089,2,5937,0,47,0,1112,6064,1341,1958,28,8671,760,0,0,2747
252,1185,227,504,5937,2033,16971,157950,5933,547,5765,3782,20556,161,246,489,2514,16,12596,0,3259,6,17753,0,156,0,2327,12731,2600,2956,22,15769,3435,0,6,12251
253,5713,1034,2347,29292,5027,43001,145050,16051,481,5768,3782,20563,170,273,216,1173,10,5879,0,3292,3,17940,0,176,0,2196,11967,2020,2086,24,8746,1665,0,2,5937
254,1186,222,483,5943,4093,44008,72450,11874,147,1665,1089,5937,53,87,268,1905,10,10150,0,1089,1,5937,0,166,0,1090,5943,4711,5374,73,21198,9204,0,20,32888
255,1185,231,497,5937,6537,69402,73800,20940,142,1667,1090,5943,118,219,167,1185,9,5937,0,3291,3,17936,0,33,0,1089,5937,5917,6151,58,24837,6057,0,11,21641
256,2392,452,996,11998,4055,37081,78750,11874,958,12066,7548,42216,103,191,891,4762,36,23873,0,1113,6,6060,0,141,0,1684,9712,3504,3930,53,15765,5924,6,16,21201
257,1185,227,519,5937,2130,17488,314700,5937,297,3375,2202,11997,213,385,547,2912,27,14627,0,2178,2,11874,0,136,0,7092,39205,1613,1562,15,5937,3724,0,8,13246
258,2394,448,984,12009,4915,48146,115350,15762,204,2729,1792,9773,23,68,254,1383,6,6904,0,3314,5,18053,0,73,0,2693,14624,5203,6173,122,33719,3330,0,7,11875
259,4703,843,1861,23572,12125,101609,200250,36352,548,4942,2945,17063,143,266,651,3413,24,17139,0,1113,2,6050,0,77,0,3747,20348,5161,6299,68,25697,3332,0,8,11880
260,1185,222,489,5937,4662,41537,149400,14625,333,4104,2694,14630,104,218,542,2919,23,14630,0,2502,1,13661,0,39,0,2179,11880,2866,3936,43,14559,9314,0,18,32894
261,2641,404,762,13794,3914,35051,71100,11822,211,2423,1595,8628,203,365,1023,5734,37,28797,3,5903,5,36296,0,115,0,1090,5943,1716,2073,25,9468,5215,0,4,18640
262,2370,442,974,11874,3897,34632,185400,11997,533,6618,4088,23115,90,158,479,3012,18,15680,0,523,1,2851,0,91,0,2875,15678,2711,2992,33,11997,1982,0,4,7078
263,2370,443,1066,11874,5302,45325,108450,15762,420,5027,3284,17882,64,136,619,3272,19,16411,0,5086,6,27744,0,195,0,1604,8687,4332,7199,123,36972,1665,1,2,5937
264,3580,682,1461,17944,4098,34685,75600,11913,281,3319,2172,11828,54,88,228,1184,11,5933,0,3399,3,18492,0,51,0,1089,5937,1969,3044,36,11869,2437,0,2,8687
265,4456,782,1769,22350,3883,38465,314700,12009,641,8092,5307,28975,125,261,1053,7611,78,36547,0,1089,1,5937,0,67,0,4864,26427,1475,1527,14,5937,1665,0,3,5937
266,2370,443,939,11874,2150,17824,183450,5943,260,3328,2163,11821,32,42,227,1207,7,6060,0,1089,1,5937,0,111,0,2709,14722,1593,1584,15,5943,8385,0,18,29816
267,1666,322,762,8381,9787,108451,219150,30587,506,6511,4279,23175,216,433,833,4320,33,21653,0,3232,2,17454,0,119,0,3483,19703,2871,3048,30,11874,2439,0,5,8693
268,2393,457,1029,12003,2973,29960,36600,10468,418,4997,3268,17817,186,310,391,2369,19,11870,0,1792,3,9836,0,68,0,1598,8639,2451,3617,50,15321,1665,0,3,5937
269,4352,826,1108,21824,2182,18649,152100,5937,306,3327,2177,11865,97,202,409,2392,17,11997,0,3963,3,21595,0,158,0,2717,14757,3686,5020,78,25285,3330,0,3,11874
270,2420,460,982,12159,6362,52512,62250,17823,183,1665,1089,5937,52,153,529,2839,27,14260,0,2725,3,14750,0,150,0,1080,5832,2569,3117,27,11874,4973,0,14,17553
271,8842,1473,2676,45262,6866,60528,205200,21875,174,1665,1089,5937,106,222,221,1180,9,5911,0,1655,3,9123,0,115,0,3456,19675,3560,4421,56,18494,8147,0,2,28698
272,3684,665,1436,18516,7939,80186,192000,23948,349,4409,2889,15768,143,247,922,4806,37,24128,0,1089,0,5937,0,61,0,3065,17550,1989,3135,50,11751,3410,0,2,12200
273,7112,1331,2771,35669,3355,41075,69000,12946,576,6332,3991,22266,56,92,537,2911,27,14621,0,1089,1,5937,0,68,0,1089,5937,2199,2262,13,10152,4278,0,6,15309
274,1185,221,492,5938,2886,24712,67650,8693,277,3334,2180,11886,109,171,684,3943,29,19770,0,5135,6,27787,0,54,0,1089,5937,5131,7559,83,30328,7156,0,9,25222
275,2387,416,1020,11971,1477,15851,155250,5879,156,1667,1090,5943,83,141,723,4347,24,22321,0,4497,4,25083,0,120,0,2202,11997,1321,1565,16,5937,1665,0,3,5937
276,1185,223,494,5937,3225,25064,142200,8680,172,1665,1089,5937,72,179,469,2483,16,12454,0,1089,2,5937,0,202,0,2336,12633,1131,1633,15,5937,3315,0,4,11816
277,2392,451,957,11997,2169,16448,382950,5937,131,1650,1081,5879,169,293,430,2606,17,13068,0,1596,1,8629,0,10,0,5238,29118,1651,2789,51,11983,1667,0,3,5943
278,5333,1007,2180,26750,3991,35764,52950,11816,139,1665,1089,5937,43,88,508,2941,19,14755,0,1605,2,8693,0,61,0,2177,11870,1184,1530,17,6819,9692,0,5,33939
279,1185,226,472,5937,2116,18703,130950,5937,724,8111,5168,28630,109,191,441,2371,20,11880,0,1113,0,6092,0,170,0,2202,12007,5693,8945,144,48184,1665,0,2,5937
280,2392,404,929,11997,4789,46235,119400,15740,167,1665,1089,5937,62,160,252,1817,10,9664,0,3284,3,17884,0,58,0,1608,8668,1441,1599,18,5943,3317,0,1,11822
281,3565,683,1489,17876,4171,40729,110100,11886,493,5208,3422,18608,113,209,598,3049,19,15283,0,1090,1,5943,0,19,0,1784,9778,815,1332,23,5937,3495,0,4,12539
282,3576,679,1429,17929,2102,18042,352200,5937,641,7767,4861,27247,104,187,232,1207,7,6060,0,1089,1,5937,0,60,0,5571,30315,2055,2896,35,12575,1709,0,2,6046
283,1185,225,484,5937,1977,19785,142950,5937,313,3330,2178,11874,128,264,943,5107,33,25610,0,3916,4,21243,0,46,0,2178,11874,2210,3073,27,11874,1650,0,5,5879
284,2939,506,1040,14743,3875,36337,107700,11876,146,1711,1113,6062,99,177,226,1185,10,5937,0,1089,2,5937,0,115,0,1611,8684,2438,3074,30,11874,5582,0,2,19581
285,1185,223,488,5937,3983,36120,209400,12413,745,8589,5680,30705,40,96,365,2047,15,10261,0,2202,3,11997,0,201,0,5241,28456,5511,7611,191,45955,7013,0,7,25092
286,1207,233,546,6060,2174,18993,204600,5937,271,3439,2256,12272,100,175,218,1185,10,5937,0,2193,4,11937,0,180,0,4211,23669,919,1479,18,7020,6357,0,7,22342
287,3543,664,1482,17753,2090,17312,175800,5937,287,3332,2179,11880,56,85,558,3114,20,15620,1,4852,3,27437,0,62,0,3417,18674,1548,1605,15,5937,3330,0,2,11874
288,1849,261,551,9805,8585,76010,154800,25112,148,1650,1081,5879,306,508,795,4170,34,20945,0,1802,0,9882,0,97,0,2178,11874,2846,3042,26,11997,6282,6,6,22066
289,1195,225,294,6002,8826,82920,70500,28811,395,5367,3335,18746,81,134,967,4997,34,25108,0,2227,2,12126,0,44,0,1088,5933,1192,1596,14,5937,7519,0,18,26645
290,1185,216,195,5937,4259,48665,150450,12578,280,3330,2178,11874,94,156,629,3267,15,16356,0,1089,1,5937,0,225,0,2178,11874,2950,3837,43,14833,5130,0,8,18409
291,2392,456,1021,11997,3029,33974,301200,9127,139,1665,1089,5937,107,163,330,1733,13,8687,0,7557,7,42043,0,99,0,4355,23693,1126,2082,35,9943,3152,0,5,10831
292,1185,219,491,5937,2795,24835,148650,8682,346,4090,2700,14621,92,208,443,2372,20,11886,0,1672,2,9198,0,72,0,2365,12832,2957,3219,34,11874,3332,0,6,11880
293,4456,841,1849,22350,1947,19252,81300,5937,465,5991,3917,21344,43,53,551,2918,23,14624,0,1605,1,8693,0,55,0,1261,6962,2940,3091,30,11997,6075,1,8,21707
294,6154,1041,2385,31401,8035,81175,37650,25884,711,8249,5186,29241,237,423,1057,5570,44,27962,0,2741,2,14865,0,111,0,1604,8687,2800,3935,69,25878,4102,0,2,14624
295,1185,217,450,5937,3860,39744,143550,12576,146,1657,1084,5911,116,209,223,1185,10,5937,0,1090,1,5943,0,167,0,2693,14624,5021,6900,93,30882,3332,4,6,11880
296,2392,450,1042,11997,5052,47419,302250,14634,143,1665,1089,5937,103,219,224,1185,10,5937,0,1607,1,8664,0,166,0,5068,28198,1247,1972,32,8624,3334,0,1,11886
297,1207,222,180,6060,2094,18383,103200,5937,419,4997,3268,17817,178,250,444,2358,20,11816,0,4170,5,22838,0,115,0,1604,8687,912,1525,15,5943,5564,0,7,19537
298,3578,672,1274,17940,6615,64429,111000,22855,202,2425,1611,8684,67,102,343,1733,13,8687,0,2178,3,11874,0,168,0,1617,8843,3828,4542,39,18069,5167,2,1,18464
299,4100,634,1416,21114,4125,43011,162600,11880,204,2552,1644,9054,74,126,356,2358,16,12373,0,3317,4,18069,0,93,0,2829,16142,1879,2852,33,11874,3423,0,6,12130
300,3631,637,1350,18693,3886,42990,64500,12007,412,5166,3396,18460,111,212,965,5681,32,29016,0,2178,2,11874,0,58,0,1089,5937,1649,2228,34,9825,4100,0,4,14619
301,3443,653,1461,17293,5785,54022,189900,18057,138,1665,1089,5937,128,204,223,1185,10,5937,0,3912,7,21182,0,125,0,3363,18688,5247,6526,86,33645,5070,0,11,18096
302,3765,703,1091,18836,1990,17895,227550,6060,456,5753,3774,20505,239,341,450,2420,18,12159,0,3485,4,19622,0,69,0,3607,19720,2201,3064,35,11822,3330,0,4,11874
303,4239,818,1763,21259,2111,16130,144000,5853,236,2469,1634,8803,89,176,1253,6557,52,32974,0,2692,5,14620,0,226,0,2203,12003,4353,4502,30,18063,2443,0,7,8725
304,2852,538,1140,14324,2137,17930,180900,5937,304,3632,2358,12957,111,189,223,1199,10,6008,0,3316,3,18063,0,67,0,2642,14313,4011,5317,76,21808,7420,2,8,26230
305,3190,591,1277,16007,5191,45458,233100,15710,343,3360,2194,11939,84,203,256,1420,6,7084,0,3292,1,17940,0,118,0,3314,18061,1522,1559,13,5937,3330,0,4,11874
306,2906,551,1149,14566,4379,36208,74100,11935,493,6061,3971,21653,184,396,565,2915,23,14622,0,2178,1,11876,0,60,0,1102,6093,969,1526,12,5937,4393,0,5,15706
307,2437,341,768,12725,5973,52972,71100,17524,253,2435,1604,8682,51,89,445,2398,21,12036,0,1596,1,8629,0,204,0,1090,5943,4963,7527,94,31792,5039,0,7,17930
308,3853,627,1485,19861,4187,39999,274050,12531,233,2427,1612,8690,53,112,808,4331,33,21705,3,7979,5,47107,0,28,0,4443,24182,1775,2281,18,9831,1667,0,2,5943
309,3565,666,1390,17876,4950,53871,158700,15002,439,5180,3390,18469,65,86,335,1748,14,8807,0,1604,1,8687,0,102,0,2178,11874,3893,5295,92,22234,1665,0,5,5937
310,3693,645,1442,18519,1234,7869,152700,2716,170,1709,1112,6059,103,177,694,3702,22,18527,0,2170,1,11816,0,42,0,2178,11874,2036,2239,24,9954,6934,2,6,24823
311,1721,330,732,8658,2222,17837,314100,5943,285,3322,2173,11848,200,407,222,1185,10,5937,0,2694,1,14630,0,134,0,4585,24972,963,1504,32,5911,1665,0,3,5937
312,1407,261,541,7020,2145,21183,375450,7454,509,6782,4421,24065,83,202,1152,6377,38,31790,0,2170,2,11816,0,268,0,7464,40664,3247,3683,40,14627,13269,0,41,50105
313,1207,234,496,6060,4136,43403,68250,11874,303,3294,1998,11516,35,44,254,2019,10,10564,1,5476,5,30404,0,119,0,1672,9198,4656,5244,45,21007,2595,0,6,9198
314,2370,453,1045,11874,3916,36470,190800,11997,203,2754,1790,9823,161,253,255,1315,9,6630,0,1232,2,6635,0,48,0,4015,22497,2052,2978,37,11816,1663,0,2,5926
315,4293,780,1402,21532,8138,86589,213750,29037,312,4190,2741,14865,102,173,257,1419,6,7078,0,1717,1,9376,0,154,0,3383,18325,1004,1542,15,5937,3331,0,5,11876
316,5682,823,1811,29511,1863,18694,72900,6962,276,3330,2178,11874,43,82,454,2371,19,11880,0,3251,4,17695,0,99,0,1102,6093,4237,4847,42,17817,7802,0,17,27782
317,7190,1133,1632,36965,8444,87084,80550,24446,123,1710,1113,6060,201,308,445,2370,20,11874,0,1089,2,5937,0,250,0,1114,6066,2816,3244,36,11874,1665,0,2,5937
318,2398,455,1072,12036,3113,31115,118500,9075,611,7810,5105,27817,69,111,711,4177,30,21497,0,1612,0,8690,0,48,0,1620,8752,185,751,23,6560,1711,0,2,6064
319,1733,274,685,8687,1848,17879,161400,6060,203,2452,1613,8736,43,86,462,2967,23,15457,0,4667,6,25471,0,57,0,2179,11880,3941,4456,52,18842,3223,0,4,11585
320,4860,914,2015,24394,1223,8253,365400,2753,179,1665,1089,5937,98,160,383,2410,22,12053,0,2685,2,14566,0,58,0,5697,31663,1917,2432,18,10259,3616,0,2,12895
321,1956,361,735,9776,7510,85107,154050,26691,193,2470,1635,8807,87,142,609,3061,17,15320,0,2180,2,11886,0,165,0,2766,15551,1478,1562,16,5937,1657,0,3,5911
322,1185,223,493,5937,2912,29568,213600,10170,476,6082,3967,21742,55,150,669,3555,30,17813,0,1089,2,5939,0,131,0,5153,28409,2467,3044,37,12581,5028,0,10,17886
323,1185,223,508,5937,2104,20265,117300,5879,188,2393,1576,8498,266,462,107,541,7,2747,2,2526,2,14336,0,76,0,2367,13021,1930,2778,26,12087,1665,0,4,5937
324,4879,909,1225,24457,1775,17371,79950,6060,268,3342,2185,11872,124,262,1242,6804,46,34678,1,4701,5,26417,0,60,0,1084,5911,2310,3102,34,11822,2873,0,2,10265
325,3041,494,1019,15788,4889,40571,267600,16007,395,5224,3427,18635,125,204,417,2498,12,12505,0,1089,1,5937,0,110,0,4586,25505,952,1525,16,5937,4102,0,12,14624
326,4170,789,1617,20971,873,8399,73500,3132,158,2482,1628,8810,92,200,218,1185,10,5937,0,1089,2,5937,0,117,0,1089,5937,2657,3140,42,11880,1710,0,4,6060
327,2371,444,1023,11880,4425,46177,153000,14682,307,4147,2717,14747,52,83,559,2924,23,14657,0,1614,1,8740,0,43,0,2191,12030,1460,1602,16,6093,6299,0,19,22278
328,2912,548,1314,14628,5928,68494,70800,17752,254,3375,2202,11997,34,59,448,3107,17,16055,0,3282,4,17979,0,124,0,1113,6060,3233,3789,31,15762,2871,0,6,10259
329,4326,802,1065,21650,4062,38825,72750,12701,792,8665,5700,30951,131,311,618,3318,34,16692,0,1791,2,9767,0,144,0,1089,5937,1501,1708,16,5937,3375,0,2,11997
330,2928,545,1189,14677,4751,53426,188400,15518,311,3330,2178,11874,79,124,671,3597,24,18049,0,4056,3,22428,0,128,0,2881,15710,4913,6449,88,27702,2425,0,4,8684
331,2893,555,1157,14504,4095,37669,94800,12153,1174,13230,8422,46921,60,114,1316,7228,57,36913,0,4496,6,24388,0,184,0,2173,11848,1354,1584,17,5937,8433,0,11,30233
332,2918,551,1219,14624,14676,131095,101850,43668,141,1649,1080,5875,232,461,490,2614,13,13080,0,1089,2,5937,0,72,0,2174,11854,1019,2310,44,14311,4536,0,1,16197
333,2939,564,863,14742,929,9477,145350,3132,213,2443,1616,8725,54,128,481,2983,15,15532,0,5161,5,28125,0,132,0,2202,11997,6024,7835,119,40662,3330,0,4,11874
334,3073,583,1047,15449,4251,37846,179850,11376,436,5501,3561,19562,205,396,944,5064,28,25431,0,1089,1,5937,0,49,0,2700,14621,1202,1576,29,5943,7533,0,3,26368
335,1882,347,721,9429,6054,69697,254700,18954,287,2957,1753,10275,56,98,233,1207,7,6060,0,3985,5,21708,0,49,0,4294,23480,985,1461,25,5937,1667,0,0,5943
336,1185,220,449,5937,2501,25339,147450,8656,409,4409,2889,15768,106,197,1134,6299,43,31585,0,2178,2,11869,0,44,0,2179,11880,5263,7807,117,31612,1667,0,0,5943
337,4086,770,1691,20479,2116,17693,118050,6093,297,3330,2178,11874,64,120,237,1207,7,6060,0,2178,2,11874,0,50,0,2226,12120,1466,1562,16,5937,5551,7,4,19609
338,1168,219,411,5853,5232,44375,219150,14572,139,1665,1089,5937,162,264,1259,7317,84,37336,0,1089,2,5937,0,109,0,4031,22030,3323,4039,61,18514,2437,0,4,8687
339,2394,452,856,12009,2310,24790,229050,8812,304,3330,2178,11874,70,127,284,1756,10,8816,0,1090,2,5943,0,115,0,5211,28340,2089,3019,24,11935,4261,0,1,15270
340,2057,274,521,10344,2145,18522,92850,5937,306,3314,2169,11812,133,210,215,1207,7,6060,0,3975,5,21694,0,146,0,2178,11874,1609,2310,28,9825,3617,0,4,12899
341,1184,174,481,5932,2111,18371,81000,5879,173,1665,1089,5937,93,172,218,1186,10,5943,0,3328,2,18688,0,59,0,1800,9831,1889,2902,49,11817,2437,0,4,8687
342,2382,398,1038,11943,3832,35794,78150,11997,284,3334,2180,11886,95,157,221,1207,7,6060,0,2693,2,14624,0,45,0,1089,5937,2029,3086,34,15989,5012,0,13,17824
343,3544,675,1163,17759,3895,37135,198450,12003,156,1665,1089,5937,161,303,677,3598,24,18053,0,2720,3,14724,0,94,0,2913,15891,3219,3713,47,14624,3330,0,3,11874
344,5105,993,2068,25589,9996,89656,104400,32394,226,2470,1635,8807,247,475,438,2359,20,11822,0,3273,4,17860,0,169,0,1604,8682,1745,2218,33,8693,2425,0,3,8684
345,1184,231,502,5933,4678,39573,146250,14599,284,3740,2447,13393,48,77,549,2950,21,14827,0,5586,4,30630,0,224,0,2177,11870,2254,2326,26,9825,2742,0,7,9825
346,1733,319,747,8687,4193,37107,238200,12963,474,6273,4122,22413,45,108,230,1207,7,6060,0,1596,3,8629,0,67,0,4565,25756,4008,5358,65,20683,905,0,2,3190
347,2919,556,1316,14630,3050,26600,248550,8687,265,3377,2203,12003,107,173,177,1207,7,6060,0,1089,0,5937,0,44,0,3946,22202,5900,6806,75,27521,7610,0,8,27189
348,6757,1105,2559,34374,8453,85144,149250,24359,401,4969,3268,17768,127,227,408,2419,16,12153,0,1089,2,5937,0,98,0,2203,12003,2728,3988,53,14568,6601,0,8,23646
349,2370,406,962,11876,3725,35295,99000,12601,876,10249,6326,37796,135,298,596,3221,25,16144,0,4288,5,23251,0,157,0,2180,11886,1070,1575,18,5937,2445,0,6,8736
350,1209,173,441,6064,3888,36710,37650,12003,308,3360,2194,11939,208,395,1088,6054,50,30384,1,2719,2,14840,0,114,0,1113,6055,2494,3158,33,12036,1992,0,0,7091
351,1186,221,485,5943,2869,27034,255750,9827,211,2787,1823,9948,219,605,59,644,3,3190,0,2486,2,13591,0,83,0,3978,21710,2783,3789,44,15710,6257,0,6,22402
352,2392,444,666,11997,5611,43959,251100,14751,298,3378,2202,12007,58,92,216,1181,10,5926,0,1603,1,8683,0,53,0,3403,18512,4916,7049,106,36781,3366,2,2,12012
353,2918,499,1066,14624,4739,43509,104550,15897,144,1667,1090,5943,51,88,223,1207,7,6060,0,3290,3,17930,0,74,0,1604,8687,2872,3072,37,16364,3421,0,7,12247
354,4110,789,1654,20617,3150,28269,78450,8846,138,1665,1089,5937,106,179,552,2915,26,14619,0,2889,2,15768,0,1,0,1089,5937,991,1544,13,5937,2425,0,2,8684
355,3674,691,1363,18451,4424,54569,80850,13455,438,4104,2694,14630,44,88,993,5591,35,28123,0,5276,3,28722,0,135,0,1113,6060,252,1463,23,5937,2650,0,8,9453
356,5187,964,1256,25966,2127,18394,198450,5937,569,5767,3782,20561,45,85,498,2679,18,13391,0,3152,2,17833,0,92,0,2990,16342,882,1871,81,20811,5982,0,15,21331
357,1186,222,471,5943,4809,44020,385500,14800,328,3423,2259,12252,121,238,218,1181,10,5926,0,1089,0,5937,0,73,0,6086,33158,1898,3289,51,15779,3530,0,8,12626
358,1208,177,440,6066,1837,18406,254250,6066,315,3315,2168,11811,170,292,758,6028,20,30901,0,3783,2,20567,0,97,0,4147,23704,1625,2373,24,8731,6592,0,14,23111
359,2347,439,954,11764,4212,36207,28350,11874,429,4997,3268,17817,109,171,658,3531,28,17765,0,2694,2,14630,0,199,0,1089,5937,3378,5151,108,23240,2734,0,2,9754
360,4717,899,2135,23665,6026,53167,60300,17882,139,1665,1089,5937,45,166,665,3751,23,18785,0,1089,2,5937,0,110,0,1823,9948,971,708,8,3190,6118,0,12,21824
361,1782,341,412,8926,3045,29438,210450,9831,211,2437,1604,8687,150,262,222,1185,10,5937,0,4488,7,24377,0,157,0,3311,19121,3710,4476,46,17882,3375,0,12,11997
362,2872,494,823,14435,2890,25363,158850,10081,629,7724,5059,27584,83,169,219,1185,10,5937,0,2793,5,15314,0,169,0,2179,11880,1958,3072,30,11880,6736,0,9,24037
363,3547,542,850,18217,9269,80610,112350,26674,391,4502,2944,16070,54,115,444,2392,17,11997,0,1089,2,5937,0,156,0,1602,8643,968,1532,14,5937,2711,0,0,9705
364,1726,336,723,8684,4914,59704,300750,14742,337,3330,2178,11874,124,217,665,3578,27,17940,0,3978,5,21705,0,61,0,4936,28064,3781,4628,52,17043,1665,0,5,5937
365,4359,828,1904,21835,2111,18265,81600,5937,348,4088,2697,14610,40,92,534,3124,17,16168,0,2178,3,11874,0,53,0,1088,5933,5394,7204,106,30686,8096,0,16,29036
366,1743,335,749,8740,4867,44598,232950,14747,160,1952,1261,6962,105,212,220,1185,10,5937,0,1799,1,9825,0,168,0,3268,17817,1960,2161,36,9712,3587,0,6,12783
367,3681,651,1550,18454,1840,18632,244350,6066,140,1665,1089,5937,139,235,683,3683,29,18504,0,2331,1,12646,0,83,0,4022,22403,1107,1570,19,5937,4089,0,7,14617
368,1212,234,518,6093,6972,64590,267600,22080,276,3297,2158,11743,124,228,789,4716,29,23596,0,2961,2,16202,0,51,0,7015,38674,3977,4619,68,18678,905,0,2,3190
369,2370,437,1005,11874,2677,26743,319350,8799,447,5582,3494,19650,36,66,447,2370,20,11874,0,1113,1,6060,0,44,0,5725,31104,2075,2393,23,8684,3317,0,6,11822
370,4705,862,1449,23606,3148,28673,148650,9762,140,1665,1089,5937,111,172,450,2370,20,11874,0,1799,3,9825,0,38,0,3404,18513,709,728,8,3132,2742,0,1,9825
371,2370,390,720,11874,2102,18146,65550,5943,331,3329,2177,11870,9,28,224,1207,7,6060,0,2875,2,15678,0,59,0,1081,5879,2118,3007,43,12459,1650,0,0,5879
372,541,105,233,2747,2630,26969,69450,8810,399,5168,3397,18466,181,313,219,1186,10,5943,0,4277,2,23879,0,178,0,1089,5937,3478,4311,58,20803,4110,0,3,14631
373,3788,738,1562,18946,5424,73936,136950,24892,277,3330,2178,11874,36,81,593,3190,17,16014,0,2178,4,11874,0,55,0,2178,11874,1478,1556,16,5937,2422,0,4,8629
374,2371,453,966,11880,1995,21418,113700,5937,482,5322,3512,19011,159,531,230,1185,10,5937,0,1089,2,5937,0,68,0,1635,8807,586,818,8,2747,4058,0,6,14435
375,1727,329,689,8690,2113,17701,117300,5937,388,4579,3029,16506,58,91,580,3942,20,20206,1,2994,3,17069,0,53,0,1649,9075,1500,1484,18,6962,2420,0,2,8624
376,6332,1189,2554,31740,7962,93080,170850,29804,454,5299,3448,18900,39,85,216,1185,10,5937,0,1088,5,5933,0,118,0,2177,11872,2818,3806,52,15264,1667,0,0,5943
377,1207,228,509,6060,3709,37495,205200,16667,661,7209,4717,25814,183,337,606,3268,22,16373,0,5543,6,30134,0,196,0,2912,15885,1953,2936,32,12957,1710,0,0,6060
378,2392,416,942,11999,4212,34497,75150,11874,331,4601,3030,16454,172,299,463,2502,18,12578,0,2170,1,11818,0,90,0,1089,5937,1579,1501,10,6060,1665,0,1,5937
379,1185,218,145,5937,1816,17995,183750,6060,123,1710,1113,6060,163,328,918,4992,31,24994,0,1823,2,9958,0,19,0,3359,18796,2283,3018,30,11874,9202,1,11,32901
380,3233,536,1044,16202,8661,76251,34350,25911,222,2871,1871,10259,66,131,177,1185,9,5937,0,1113,1,6060,0,63,0,559,3127,1005,1524,13,5939,1967,0,4,7020
381,1734,278,691,8691,2075,18161,151500,5937,120,1712,1114,6066,34,44,477,4890,27,22884,0,1089,1,5937,0,56,0,2170,11818,2072,3647,77,20103,3377,0,2,12003
382,1185,221,477,5937,2061,16963,156900,5911,142,1655,1084,5906,108,183,607,3267,19,16390,0,4575,6,24726,0,99,0,2178,11874,5673,6805,97,30242,1650,0,0,5879
383,5590,880,1870,28529,3697,52386,70200,12122,533,6652,4404,23762,134,268,947,5090,33,25532,0,5109,6,28419,0,57,0,1089,5937,1562,1919,32,9769,3332,0,1,11880
384,4144,678,929,21348,3933,35959,124650,12003,415,5626,3663,20089,126,219,502,2723,16,13655,0,567,1,3190,0,77,0,1635,8807,1062,1253,10,6060,3472,0,2,12456
385,1185,221,460,5937,4967,45325,109650,15833,219,2742,1799,9825,95,158,237,1208,7,6066,0,2832,1,16043,0,113,0,1737,9505,1377,2322,22,8690,5902,0,10,21007
386,2632,472,977,13146,3952,35566,198150,11993,276,3375,2202,11997,99,160,554,2946,24,14786,0,2178,2,11874,0,143,0,3431,18591,2362,3522,46,14839,1665,0,2,5937
387,2473,465,983,12407,3700,36803,260550,12120,338,4094,2688,14598,43,88,750,4341,28,21770,0,2272,3,12408,0,117,0,4010,21918,4101,5979,65,24391,3330,0,2,11874
388,1948,362,775,9767,5097,44394,158850,14697,328,4437,2904,15827,152,295,450,2398,21,12036,0,2313,1,12514,0,55,0,2313,12550,3666,4448,64,17813,2427,0,4,8690
389,4136,684,1785,20756,2106,18583,129450,5937,477,5755,3789,20558,78,193,217,1185,9,5937,0,2422,1,13333,0,82,0,2892,15694,1407,2127,42,8795,4611,0,6,16381
390,4330,807,1831,21703,5342,64002,17400,18574,324,3344,2173,11874,41,68,379,1971,11,9896,0,1090,2,5943,0,146,0,548,2995,1469,1568,25,5943,4013,0,5,14312
391,2398,452,1072,12036,839,9053,67350,3196,216,2742,1799,9825,48,91,441,2370,19,11874,0,2178,4,11874,0,106,0,1089,5937,786,1497,19,9710,4088,0,5,14591
392,1738,325,681,8732,3807,35707,114600,11876,255,3375,2202,11997,44,77,390,2365,18,11848,0,2202,2,11997,0,50,0,1799,9825,2006,3128,40,11854,3671,0,11,13082
393,3145,604,1236,15764,2111,17757,183750,5937,143,1665,1089,5937,118,254,405,2416,14,12124,0,1625,2,8846,0,48,0,2881,15710,1920,2352,26,10201,6061,0,11,21653
394,1185,222,449,5937,7144,67904,219300,21647,582,6972,4604,24949,62,109,405,2380,16,11939,0,3122,4,17104,0,104,0,3675,20116,4662,7579,94,30243,2729,0,6,9773
395,1725,328,671,8679,9138,94755,78900,39414,347,3792,2446,13458,195,344,775,4125,30,20684,0,3307,4,17880,0,53,0,1112,6056,4279,4447,69,18443,3330,0,6,11874
396,1407,258,514,7020,7208,59201,77850,18766,496,4770,2877,16545,109,246,366,1955,13,9799,2,3967,3,22989,0,142,0,1088,5933,2008,3134,30,11880,4599,0,2,15980
397,3618,681,1405,18169,3873,53787,171900,12747,657,6023,3476,22944,127,223,439,2371,20,11880,0,1089,2,5937,0,112,0,2939,16676,965,1426,20,5943,5217,1,8,18626
398,2393,444,661,12003,3961,40241,256500,12003,251,2806,1839,9993,66,127,229,1210,7,6070,0,2203,4,12003,0,110,0,5581,30454,2829,3097,34,11886,5476,0,10,20107
399,3145,526,1141,15762,2128,25807,151200,5937,174,1967,1269,7020,157,312,102,541,7,2747,0,2348,2,12752,0,125,0,3416,18521,2150,3921,58,14503,3330,0,4,11874
400,2393,446,963,12003,5260,44957,83700,15768,250,1869,1218,7283,51,67,703,4307,24,22148,0,4113,3,22345,0,95,0,2488,13508,2480,3558,95,16627,1665,0,2,5937
401,4111,798,1792,20604,10039,91279,117600,29593,428,4677,3052,16724,96,136,368,2051,12,10283,0,2931,4,16037,0,163,0,1657,9133,1967,2853,76,11855,2480,0,0,8799
402,3157,579,1216,15831,1770,18439,198450,6002,314,3330,2178,11874,157,207,487,3507,16,17961,0,2179,3,11880,0,97,0,2890,15774,904,1395,19,5937,4681,0,4,16727
403,3555,665,1480,17811,2868,24985,111150,8732,65,760,522,2747,122,206,536,5649,21,26600,0,2198,2,11977,0,32,0,1604,8687,2281,3103,42,11874,1650,0,2,5879
404,1173,218,506,5879,4063,40337,74850,13417,282,3791,2494,13603,219,405,602,3165,16,15870,0,2976,4,16261,0,199,0,1089,5937,3998,5881,97,39334,5818,0,2,20702
405,1208,226,538,6066,3063,30659,124500,13903,870,11762,7514,41621,149,249,874,5110,34,25661,0,1823,3,9948,0,166,0,2194,11939,2911,4156,80,19114,1652,0,4,5885
406,3551,666,1512,17800,2094,17807,172350,5937,409,5167,3410,18509,38,88,641,4035,19,20649,0,2177,1,11870,0,64,0,2848,15364,4405,4623,47,17817,4981,0,2,17755
407,3599,676,942,18057,5983,55665,188700,18589,220,2712,1783,9709,48,83,232,1207,7,6060,0,3340,5,18186,0,236,0,2822,15354,1489,1541,16,5937,9227,0,14,36227
408,3227,513,1220,16709,3816,45992,124200,12616,363,4392,2880,15704,99,218,326,1727,17,8690,0,1089,2,5937,0,44,0,2888,15762,2292,2927,38,11993,5239,0,2,14792
409,3116,569,493,15646,1995,18391,31050,5937,121,1677,1082,5940,28,76,386,2042,11,10204,0,1089,1,5937,0,48,0,1089,5939,4142,4690,46,17823,8781,0,10,31409
410,1727,323,665,8690,2079,17063,202050,5937,134,1665,1089,5937,33,83,594,3221,24,16144,0,1113,3,6060,0,53,0,3740,21394,3967,6281,79,29275,1650,0,5,5879
411,4003,687,1185,20035,1828,19170,156450,6060,280,3330,2178,11874,51,79,573,3198,19,16062,0,4104,4,22281,0,72,0,2375,13034,2832,3007,34,12957,4145,0,4,14739
412,5828,1074,1760,29232,3327,25427,159150,8684,536,6070,3830,21375,105,181,310,1960,12,9825,0,4122,4,22468,0,106,0,2178,11874,5052,6159,62,23754,6029,0,6,21172
413,1212,230,491,6093,913,9060,79650,3190,489,4751,2951,16604,66,123,732,4357,29,21894,0,1663,0,9544,0,113,0,1089,5932,1015,1552,22,5917,2615,0,4,9250
414,2934,559,1263,14750,1524,15807,77400,6060,193,2754,1790,9823,16,40,508,2691,18,13433,0,2700,4,14621,0,213,0,1090,5943,1837,2128,31,8740,1665,0,4,5937
415,2345,446,942,11754,5163,42712,296250,14615,137,1665,1089,5937,99,158,916,4877,33,24462,0,1269,1,7020,0,101,0,4601,25744,2355,2979,48,12570,3330,0,6,11874
416,2680,488,1040,13397,3091,27858,147000,9799,136,1664,1088,5933,56,114,590,3132,20,15700,0,1611,3,8684,0,50,0,2328,12615,1987,3065,38,11764,4536,0,8,16196
417,2370,459,977,11874,1163,7641,118950,2747,139,1665,1089,5937,100,172,233,1207,7,6060,0,1782,0,9763,0,135,0,1987,10921,4265,5077,68,21158,5919,0,4,21210
418,3164,542,1366,15863,2878,39990,336900,10227,344,4407,2888,15762,158,582,571,3170,20,15895,0,1638,1,8873,0,55,0,5069,27654,1022,1364,25,5937,2648,0,6,9447
419,1207,231,500,6060,2066,20649,61650,5937,209,2743,1799,9827,51,97,220,1173,10,5879,0,3447,3,18751,0,50,0,1089,5937,3784,5194,96,21533,1665,0,4,5937
420,2941,546,1202,14796,2087,16724,72750,5937,137,1665,1089,5937,135,367,577,3145,23,15762,0,1090,1,5943,0,92,0,1089,5937,3762,4586,53,19075,9077,0,10,32138
421,1898,363,739,9524,5873,52081,150750,18621,142,1665,1089,5937,145,323,363,1961,13,9831,0,2178,1,11874,0,50,0,2392,13027,5481,7731,116,31840,4243,2,6,15103
422,1186,218,486,5943,4211,36137,273750,11557,823,8497,5237,32245,45,95,580,3056,24,15368,2,4708,1,29418,0,95,0,4188,22852,1308,1566,17,7454,3375,0,2,11997
423,1185,221,513,5937,857,8960,74250,3132,385,4384,2863,15633,24,42,868,4949,36,24771,0,1791,2,9761,0,147,0,1089,5937,1592,2412,43,9987,4910,0,1,17525
424,1185,229,546,5937,3503,36203,299400,16251,152,1631,1086,5868,47,85,174,1185,9,5937,0,3770,2,20632,0,100,0,4344,23520,2055,3146,35,11822,4760,1,8,16591
425,2393,445,970,12003,9503,84251,150450,31460,501,5116,3362,18199,89,161,219,1185,10,5937,0,1604,3,8687,0,104,0,4004,21868,2621,3027,27,12003,6258,0,10,22329
426,1730,336,657,8682,4220,34859,200400,11864,562,6843,4490,24443,225,326,219,1181,7,5926,0,1089,1,5937,0,105,0,3714,20000,1950,2403,34,8684,3375,0,2,11997
427,3140,585,893,15736,2566,36640,59250,9947,398,4101,2692,14620,76,123,675,4598,23,22311,0,1090,1,5943,0,49,0,2052,11348,1664,2906,46,12002,1710,0,0,6060
428,2392,414,715,11997,4035,37468,123900,11874,144,1665,1089,5937,58,97,568,2938,24,14712,0,3402,2,18451,0,204,0,1638,8863,3733,3817,54,16667,2472,0,5,8888
429,1185,221,510,5937,8553,89670,70800,28124,296,3374,2201,11993,46,66,610,3217,17,16229,0,3803,1,21338,0,103,0,1090,5943,2619,3089,28,11816,2587,0,0,9172
430,2393,455,1062,12003,3735,39078,77250,12001,142,1665,1089,5937,151,319,730,4004,23,20088,0,1113,1,6060,0,44,0,1089,5937,956,1371,22,5937,2348,5,5,8375
431,1185,222,524,5937,2100,18670,213900,5937,301,3331,2178,11876,146,301,450,2370,20,11874,0,2178,3,11874,0,98,0,3188,17188,2501,3209,39,12520,4104,0,9,14630
432,3249,571,1229,16288,5189,45352,81600,15955,509,5751,3773,20499,149,202,461,2396,17,12013,0,1090,2,5943,0,58,0,1269,7020,1633,2530,43,13759,4092,0,6,14587
433,6634,1036,2274,32893,3115,33311,146700,13375,364,4551,3016,16350,150,267,482,2529,21,12734,0,1089,2,5937,0,106,0,2371,12818,2974,3778,40,14630,10673,8,16,39438
434,1151,226,448,5784,5681,51035,176400,17811,473,5354,3475,19060,37,47,587,3442,21,17221,0,4360,4,24135,0,100,0,2785,15349,1354,1546,15,5943,4099,0,4,14615
435,2370,442,1057,11874,5447,61412,110700,17940,646,6893,4518,24584,141,218,219,1185,10,5937,0,1696,1,9177,0,53,0,1629,8816,1007,1570,21,5932,4104,0,6,14630
436,1185,221,465,5937,1828,18686,106650,6060,415,4090,2700,14621,146,222,221,1185,10,5937,0,2178,2,11874,0,117,0,2179,11880,1509,1540,14,5937,5070,0,7,17999
437,5872,1118,1408,29566,2124,16673,29700,5937,537,6073,3964,21656,153,278,449,2392,17,11997,0,3259,4,17753,0,109,0,1089,5937,4388,5059,67,26074,760,0,2,2747
438,3818,612,1315,19631,4230,35336,186300,11874,322,3330,2179,11875,76,176,252,1824,10,9698,0,1113,1,6060,0,46,0,2854,15427,2060,3058,50,11866,1982,0,0,7078
439,3262,514,1100,16816,3963,34649,75150,11997,531,6099,3989,21749,142,208,554,2899,27,14563,0,2839,4,15378,0,159,0,1114,6066,1460,1550,14,5937,1667,0,2,5943
440,1185,223,491,5937,6266,52987,144600,17817,332,4102,2693,14624,55,70,374,2042,11,10204,0,4829,3,26741,0,66,0,2179,11880,3884,4449,31,18046,4995,0,6,17811
441,3132,589,890,15700,4072,33681,72750,12007,325,3332,2179,11880,93,240,437,2372,20,11886,0,4085,3,22321,0,90,0,1114,6066,954,1400,15,5934,5842,0,5,20750
442,3571,679,1053,17915,5280,45675,365400,15762,365,3375,2202,11997,50,90,891,4763,37,23877,0,2170,2,11816,0,191,0,6059,32984,1207,1586,12,5937,5803,0,3,20693
443,4353,817,1889,21822,1241,13917,75150,5932,467,5181,3404,18518,47,68,908,4765,43,23929,0,2730,3,14903,0,253,0,1111,6060,5215,6891,75,26430,1984,0,0,7084
444,1727,331,789,8690,5020,43716,102450,14566,880,8074,4756,30153,55,94,855,4588,21,23020,0,3038,2,16531,0,126,0,2179,11880,3288,3593,33,14630,1650,0,0,5879
445,2679,493,1088,13391,3263,40828,165000,10261,473,5195,3422,18561,54,105,595,3047,27,15321,0,1627,2,8827,0,42,0,3256,17693,3028,3014,19,12120,7453,0,13,26689
446,1186,217,553,5943,2223,20312,78000,6093,149,1952,1261,6962,100,174,282,1829,12,9127,0,2868,3,15582,0,62,0,1249,6810,2762,3172,62,14808,868,0,0,2997
447,2365,438,616,11848,2100,17341,105150,5943,201,2437,1604,8687,8,19,689,3578,27,17933,1,4526,4,25581,0,149,0,1604,8687,2436,3155,41,12575,2908,0,4,11095
448,2928,553,805,14689,2145,19614,101550,5879,275,3315,2170,11816,115,194,456,2392,18,11997,0,1078,2,5868,0,86,0,1618,8732,4007,5403,51,20561,8371,0,5,29938
449,3202,481,1167,16590,4250,34083,158700,11870,293,3330,2178,11874,156,269,703,3749,23,18823,1,2683,0,14558,0,56,0,2375,13034,6326,7628,72,30449,4103,0,4,14596
450,2698,454,1004,13554,13285,122037,159000,43595,284,3330,2178,11874,106,150,197,1207,6,6060,0,2202,3,11997,0,57,0,2179,11880,1400,2342,58,22286,3332,0,5,11880
451,5831,1096,2185,29250,2063,21011,166200,7026,332,4163,2595,14639,109,161,825,4610,25,23169,0,1090,2,5943,0,74,0,2664,14423,2188,2731,28,12571,4112,0,4,14679
452,1185,224,473,5937,5393,50136,192300,18147,227,2726,1777,9718,44,109,726,3751,20,18775,0,2960,3,16196,0,171,0,3008,16292,1038,1632,11,5937,5067,0,10,18011
453,2370,446,995,11874,3291,27253,180600,8684,410,5040,3291,17934,108,246,222,1185,10,5937,0,1800,0,9828,0,139,0,4741,26986,3347,3833,28,14624,4316,0,8,15394
454,2398,458,991,12036,4304,44443,86100,15831,495,4896,3236,17483,96,207,360,1961,13,9831,0,3416,3,18668,0,22,0,1611,8684,1803,1697,19,6998,760,0,0,2747
455,3544,666,1441,17759,3202,36299,31350,9831,227,2574,1658,9139,47,84,229,1207,7,6060,0,2501,0,13655,0,179,0,1253,6904,2739,3391,40,18861,5392,0,9,19278
456,4444,748,907,22297,2170,18484,48300,5937,138,1667,1090,5943,58,89,549,2918,23,14624,0,2881,3,15710,0,35,0,1081,5828,3763,3725,46,15765,1650,0,4,5879
457,8977,1205,2976,43277,2604,23705,114450,8732,503,5013,3330,17917,49,85,205,1317,8,6641,0,1089,2,5937,0,164,0,1783,9709,1186,2236,32,8736,1839,0,2,6641
458,1760,342,760,8803,10407,88123,69000,30804,355,4400,2871,15693,59,86,644,3616,25,18136,0,4617,5,25029,0,136,0,1081,5879,3450,4445,45,17936,1952,0,4,6962
459,1743,341,792,8740,5956,53194,151050,20230,215,2787,1823,9948,228,388,446,3096,17,16018,0,1649,2,9075,0,50,0,2171,11822,1274,2090,27,8682,1667,0,4,5943
460,1210,225,530,6070,2098,17437,36900,5937,288,3330,2178,11874,91,171,570,2937,24,14740,0,2178,2,11874,0,113,0,522,2747,2969,3908,39,14617,1665,0,2,5937
461,4320,754,1712,21653,4091,33809,151650,11816,74,760,522,2747,182,299,385,2370,19,11874,0,2724,2,14798,0,42,0,2351,12905,1740,1960,46,9813,1667,0,6,5943
462,2371,443,940,11880,5048,43053,175950,14630,595,6875,4494,24476,63,113,460,2392,17,11997,0,1087,1,5932,0,65,0,2702,14665,1484,1660,16,5943,4997,0,15,17817
463,1755,335,772,8810,3195,39352,145500,9831,582,5762,3614,20232,49,84,694,3674,30,18453,0,1091,1,5944,0,149,0,2126,11434,2548,3017,47,11874,6042,0,11,21578
464,2370,450,1002,11874,2141,20240,213450,5937,155,1808,1179,6422,44,82,490,2504,12,12526,0,4627,4,25168,0,121,0,3859,21130,1189,2054,24,8684,3331,0,7,11876
465,4126,781,1707,20690,4346,39417,47550,14723,269,3315,2170,11816,129,330,230,1207,7,6060,0,2215,4,12153,0,62,0,1604,8689,5367,7286,96,30751,1667,0,2,5943
466,1892,201,308,9938,6849,75838,176850,25809,174,1650,1081,5879,66,98,449,2370,20,11874,0,1089,1,5937,0,55,0,2686,14572,1961,2195,46,9770,1665,0,2,5937
467,4985,862,1277,25553,4595,45670,71700,14740,524,5212,3423,18620,77,176,180,1185,9,5937,0,1824,2,9954,0,60,0,1088,5933,2149,2569,35,11886,1665,0,5,5937
468,4669,841,1882,23435,1897,17944,66450,6058,406,4423,2942,15986,102,188,231,1207,7,6060,0,5001,5,27114,0,119,0,1089,5932,944,1318,19,5937,1665,0,3,5937
469,1185,224,538,5937,9151,79987,73650,27989,345,4151,2701,14727,60,156,851,4493,30,22579,0,6435,6,36390,0,153,0,1089,5937,997,1545,14,5937,3332,0,5,11880
470,3128,587,941,15678,3560,35837,110700,12672,542,5898,3897,21075,100,182,115,573,3,2851,0,2502,2,13671,0,202,0,1605,8693,947,1365,24,5933,7638,0,11,27395
471,5002,796,1118,26193,2021,16559,106950,5879,345,4495,2954,16080,119,197,443,2371,20,11880,2,4064,2,23479,0,58,0,1611,8684,1496,1699,17,5937,3513,0,2,12526
472,1185,223,464,5937,6057,52854,270900,17940,467,4997,3268,17817,122,204,558,2925,24,14682,0,1771,1,9623,0,124,0,4135,22620,2349,3110,45,11880,1650,0,5,5879
473,3146,583,1261,15768,2056,26468,74100,5879,231,2438,1605,8691,103,172,1150,6310,62,32323,0,1604,3,8687,0,42,0,1082,5885,4344,5654,154,26366,3330,0,7,11874
474,2391,445,966,11993,2484,29599,166500,8687,151,1657,1084,5911,119,209,347,1851,10,9250,0,1113,2,6060,0,17,0,3260,17759,1562,1467,15,7026,1650,0,6,5879
475,1185,233,513,5937,3121,27424,25950,9831,229,2742,1799,9825,47,85,219,1185,10,5937,0,1604,2,8687,0,95,0,1088,5933,1473,1558,14,6093,4086,0,5,14559
476,1207,217,174,6060,6092,52727,33900,20579,217,2425,1611,8684,175,251,926,5472,33,27841,0,2693,2,14624,0,74,0,523,2753,1473,1527,14,5937,3507,0,5,12562
477,2364,383,467,11844,3618,34767,118650,11881,325,3619,2351,12905,107,168,223,1185,10,5937,0,2871,3,15543,0,45,0,1784,9770,6556,8328,87,40559,3942,0,6,14075
478,1185,209,559,5937,1908,16754,72000,5937,138,1665,1089,5937,261,499,589,3322,17,16740,0,2202,3,11997,0,60,0,1089,5937,2786,3764,43,14757,3331,0,8,11876
479,4283,750,1692,21541,9123,88027,149850,31848,200,1665,1089,5937,58,86,402,2158,9,10792,0,2913,6,15891,0,108,0,2178,11874,1573,1457,18,6066,1710,0,4,6060
480,633,113,244,3138,4124,35366,203550,11880,365,4409,2889,15768,82,155,226,1185,10,5937,0,1619,2,8736,0,43,0,3395,22381,2613,3246,38,12003,4394,10,8,15710
481,1207,231,507,6060,7852,69595,244950,23952,141,1665,1089,5937,114,219,547,2919,23,14630,0,2514,1,14387,0,54,0,4480,24896,3135,3276,30,11870,3377,0,4,12003
482,4486,828,1666,22557,2090,18382,121650,5937,837,9620,6305,34346,150,262,225,1207,7,6060,0,2421,3,13337,0,164,0,1867,10239,2137,3583,38,19384,1650,0,0,5879
483,1459,285,557,7284,2020,16441,160800,5937,556,6840,4489,24435,130,417,364,1961,13,9831,0,1113,0,6060,0,69,0,3943,21512,3497,4330,43,21810,4104,0,9,14630
484,1185,220,494,5937,6934,74259,180000,21583,185,2437,1604,8687,110,202,220,1185,10,5937,0,2178,1,11874,0,69,0,2700,14621,1169,1918,20,10123,5042,0,4,17940
485,3117,586,1301,15641,5011,46288,81900,15700,125,1712,1114,6066,211,351,330,1733,13,8687,0,2889,2,15768,0,48,0,1277,7078,2168,2282,21,8687,2740,0,0,9820
486,10443,1528,1905,53539,6113,51921,35100,17817,318,4149,2718,14753,254,583,545,2917,23,14619,0,1635,1,8807,0,115,0,523,2753,4306,5311,61,21705,1712,0,4,6066
487,2619,489,977,13113,4066,34573,153600,11993,258,3375,2202,11997,57,89,551,2919,23,14630,0,2314,1,12605,0,116,0,2366,13015,2500,3660,56,15768,1665,0,0,5937
488,2369,450,983,11870,4227,33905,61650,11874,514,6575,4329,23439,44,87,343,1760,14,8843,0,1112,1,6064,0,128,0,1113,6070,977,1346,22,5933,1665,0,8,5937
489,1185,219,498,5937,7095,61644,231900,21356,791,8843,5779,31541,52,90,963,6122,60,32444,0,6417,4,36081,0,106,0,3269,17823,2884,3018,28,12003,5042,0,6,17940
490,1203,233,460,6049,4220,35205,76200,11880,399,4453,2911,15889,35,82,405,2411,13,12612,0,2202,2,11997,0,238,0,1114,6066,2968,3808,30,14312,6221,7,10,22211
491,5701,1065,2237,28652,4017,48095,204600,12381,608,6740,4448,24020,130,211,591,3658,39,18922,0,3280,2,17751,0,84,0,3714,21305,3020,3158,31,11822,1710,0,4,6060
492,2369,448,935,11870,3051,23803,178800,8687,271,3375,2202,11997,117,176,618,3578,26,17940,0,1656,2,9127,0,31,0,2786,15264,4056,5476,81,20378,1657,0,0,5911
493,1185,214,474,5937,2701,24631,72450,8810,167,2492,1644,8865,44,84,103,541,7,2747,0,1089,0,5937,0,62,0,1113,6060,2608,2937,20,11972,3332,0,8,11880
494,3145,587,1277,15764,2107,17304,159300,5937,259,3553,2324,12655,68,120,474,2516,12,12584,0,3291,4,17960,0,74,0,2700,14621,2659,2852,35,12003,8609,0,6,32257
495,1207,224,465,6060,7541,66923,170100,23596,284,3358,2191,12030,153,259,1199,6526,40,33253,1,1919,0,11682,0,156,0,3904,21312,1128,1390,24,5937,2034,0,4,7202
496,2906,504,870,14566,3081,30342,69150,13927,142,1665,1089,5937,120,181,216,1185,10,5937,0,1078,1,5819,0,155,0,1089,5937,4007,6676,171,35707,3320,1,6,11843
497,3954,738,1196,19844,6018,53865,75450,17882,427,5040,3291,17934,61,95,673,3551,27,17802,0,1627,3,8855,0,228,0,1088,5933,5808,7144,102,31395,12556,1,6,44358
498,2971,586,1227,14905,2145,17676,72150,5943,71,760,522,2747,44,68,549,2933,25,14744,0,6270,9,35023,0,61,0,1089,5937,2869,3020,41,11997,5085,0,3,18045
499,6758,1234,2384,33891,4726,58220,143400,14633,267,2751,1791,9807,116,153,341,1829,13,9127,0,4120,7,22398,0,171,0,2201,12001,4210,4790,52,17684,1710,0,4,6060
500,3208,602,928,16080,3256,25709,159300,8684,498,6495,4269,23122,52,84,220,1185,10,5937,0,3293,4,17941,0,58,0,2226,12120,3386,3958,46,14595,3242,0,9,11557
501,1765,299,768,8863,3836,38995,378000,13018,278,3332,2179,11880,64,126,739,4638,24,23623,0,1113,1,6060,0,68,0,5928,33123,1756,2070,18,13390,3776,0,5,13449
502,2371,446,1000,11880,4252,34856,189750,11880,176,2493,1643,8869,83,113,224,1186,10,5943,0,1611,2,8720,0,104,0,2693,14624,1002,1510,12,5937,1665,0,0,5937
503,2914,546,1186,14604,8574,76990,81000,28550,77,930,583,3261,45,69,1020,5664,36,28450,0,3268,5,17817,0,44,0,1113,6060,3715,4410,49,18638,1663,0,1,5932
504,2393,451,942,12003,3607,30565,116550,12788,250,3377,2203,12003,57,91,117,644,3,3190,0,2727,3,14800,0,111,0,1620,8742,3350,3805,104,20173,5147,6,7,18408
505,3439,636,983,17326,2018,20540,175800,7454,270,3375,2202,11997,104,154,229,1185,10,5937,0,2710,5,14695,0,51,0,3898,22016,5899,7833,90,38461,4066,0,2,14515
506,4887,763,1007,24839,6161,54914,51150,18524,190,1664,1089,5937,160,307,441,2370,19,11874,0,1605,2,8693,0,137,0,1561,8482,2540,3107,28,11880,3330,0,3,11874
507,4445,785,1878,22290,4335,39365,315450,14680,312,4242,2809,15079,70,93,731,4103,32,20563,0,2698,3,14722,0,44,0,5542,31523,899,1393,26,5937,4472,0,10,15988
508,1725,323,761,8679,3026,25135,77100,8807,885,8680,5497,30742,7,42,197,1827,9,9710,0,1113,2,6060,0,100,0,1126,6216,1915,3011,33,11886,1666,0,0,5939
509,1407,254,544,7020,882,9065,150000,3132,142,1664,1088,5933,84,177,334,1743,13,8742,0,1604,1,8687,0,41,0,2178,11874,1017,1528,11,5879,1710,0,2,6060
510,1743,339,747,8740,9210,90759,146700,30764,266,3377,2203,12003,145,265,673,3583,31,17973,0,2718,1,14753,0,50,0,2227,12126,957,1364,23,5937,1665,0,2,5937
511,1185,222,548,5937,7148,61826,144450,20629,144,1667,1090,5943,97,150,458,2394,17,12001,0,1604,1,8687,0,88,0,2201,11993,3068,3962,78,20414,1665,0,2,5937
512,5041,909,1898,25836,1873,18272,113100,6060,257,3377,2203,12003,193,441,221,1185,10,5937,0,2202,4,11997,0,44,0,1655,9023,968,1532,24,5943,3330,0,1,11874
513,3574,592,774,18519,12162,110334,257850,47167,126,1664,1088,5933,130,198,477,2501,19,12572,0,3790,6,20563,0,102,0,5856,31960,1487,1579,14,5937,4145,0,6,14742
514,644,117,126,3190,3121,30138,163950,10262,552,5394,3558,19274,58,93,115,644,3,3190,0,1090,2,5943,0,51,0,2693,14624,2224,2835,41,12575,4394,0,0,15710
515,3557,672,1451,17823,1777,18161,48300,5937,315,4149,2718,14753,107,176,332,1733,13,8687,0,1089,2,5937,0,158,0,1792,9828,1845,2896,36,11874,9513,1,10,33819
516,2397,455,1000,12030,3216,25018,70050,8680,1327,13622,8723,48331,73,128,558,2961,20,14859,0,4686,6,26478,0,54,0,1090,5943,933,1066,23,5937,2096,0,6,7454
517,5505,1032,2259,27590,4873,51153,103950,14435,195,2437,1604,8687,129,227,218,1173,10,5879,0,523,0,2851,0,57,0,1553,8381,2866,3589,47,15762,3423,0,5,12258
518,1184,223,461,5933,4276,36943,74550,11880,331,4145,2714,14736,44,83,685,3833,45,19900,0,9723,5,55357,0,111,0,1113,6060,2444,3093,35,11876,1710,0,4,6060
519,1185,227,483,5937,5965,56323,74850,18014,342,4149,2718,14753,129,229,273,1733,12,8687,0,1089,0,5937,0,45,0,1090,5943,8613,9999,186,51366,1665,0,0,5937
520,1185,227,498,5937,2986,27908,70800,9127,199,2437,1604,8687,146,227,337,1733,13,8687,0,2171,1,11822,0,51,0,1089,5937,1486,1471,14,6910,1712,0,4,6066
521,1732,330,719,8682,3046,26796,148500,8687,213,2727,1791,9767,125,201,219,1185,10,5937,0,1113,0,6060,0,49,0,2215,12153,1007,1535,14,5937,1665,0,3,5937
522,3567,620,898,17888,2042,19216,70050,9617,288,3375,2202,11997,169,278,738,4596,31,22409,0,1089,0,5932,0,49,0,1089,5937,2247,2228,29,8693,9211,0,11,32485
523,2918,554,1099,14624,5159,44377,160200,14636,273,3375,2202,11997,116,203,472,2533,16,12676,0,1090,2,5943,0,120,0,2725,14750,5562,7636,83,34370,1665,0,0,5937
524,1185,221,509,5937,3074,25334,30450,8693,362,4102,2693,14624,52,95,725,3884,26,19476,0,5694,6,30940,0,105,0,1277,7078,1838,2878,38,11880,5207,0,2,18576
525,2358,448,995,11816,4184,35226,118350,11816,268,3375,2202,11997,59,92,640,6359,33,30159,0,2179,3,11880,0,272,0,1800,9831,1308,1866,39,8687,1667,0,3,5943
526,4228,793,1257,21199,7166,69119,141750,21387,415,4377,2872,15646,123,242,330,1665,13,8375,0,2691,4,14617,0,55,0,2202,11997,2325,3677,65,14636,3332,0,1,11880
527,4794,904,1612,24068,5273,46378,79650,15635,369,4399,2883,15736,144,233,1055,5889,35,29539,0,2179,3,11880,0,61,0,1089,5937,2123,2315,29,9831,1710,0,2,6060
528,2477,442,932,12447,2452,25011,74400,8980,340,4101,2691,14617,91,197,223,1185,10,5939,0,2203,4,12003,0,130,0,1089,5937,978,1376,26,5937,4981,0,2,17755
529,2894,560,1209,14508,1903,17676,409200,5939,339,4164,2737,14902,107,321,229,1185,10,5937,0,2178,3,11874,0,158,0,7007,46321,886,1284,21,5943,2744,0,5,9831
530,2918,560,1282,14624,9387,84593,427050,28207,405,4329,2826,15444,51,134,559,2918,22,14624,0,3292,2,17940,0,92,0,6580,36671,3825,4449,62,17811,7645,6,11,27258
531,1185,222,488,5937,5983,58468,70200,18560,321,3375,2202,11997,224,438,448,2394,17,12001,0,2693,3,14624,0,62,0,1082,5885,1410,2067,31,13697,1709,0,2,6056
532,7377,1327,2060,37020,5981,53755,161850,17934,180,1664,1088,5933,100,173,752,4306,33,21583,0,2202,2,11997,0,67,0,2701,14627,7587,10180,150,46262,1650,0,8,5879
533,1362,264,510,6810,3305,24092,29550,8664,624,6676,4325,24548,45,87,221,1185,10,5937,0,2692,4,14620,0,118,0,1277,7078,1382,2141,49,9825,4516,4,2,15809
534,4890,803,1918,24518,3053,25057,208350,9960,296,3330,2178,11874,32,83,223,1185,10,5937,0,2179,3,11880,0,135,0,2888,15762,1468,1562,16,5937,9708,0,2,34200
535,1185,234,464,5937,4347,34395,74850,11886,720,8297,5170,29099,57,86,451,2393,17,12003,1,3289,3,17963,0,78,0,1089,5937,2786,3158,30,11874,2427,0,3,8690
536,2393,451,1015,12003,4989,53684,366000,14441,141,1663,1086,5926,157,261,228,1185,10,5937,0,1089,0,5937,0,51,0,6234,34875,1482,1556,16,5943,1650,0,0,5879
537,3156,597,1349,15833,6654,58226,115800,21318,301,3373,2202,11992,116,315,684,4384,41,23080,0,3831,3,20810,0,104,0,1629,8816,4111,4477,39,18059,2096,0,4,7454
538,1185,218,585,5937,10165,86503,69600,29731,277,3330,2178,11874,92,200,223,1185,10,5937,0,1599,2,8661,0,48,0,1089,5937,3106,4431,74,17940,6846,0,1,24170
539,1185,220,476,5937,6017,55529,203850,20056,415,5212,3434,18632,223,391,234,1207,7,6060,0,2888,3,15762,0,139,0,3458,18794,953,1369,28,5937,2482,0,4,8810
540,2392,451,1068,11997,3918,38196,194550,12120,961,10261,6533,36261,128,225,435,2394,17,12001,0,2178,2,11874,0,46,0,4366,24319,944,1508,22,5937,760,0,0,2747
541,4036,766,1042,20255,3686,36514,147450,15924,292,2789,1804,10530,56,71,655,3545,30,17765,0,2202,4,11997,0,109,0,2178,11876,1714,2636,57,9200,2111,0,5,7512
542,1212,230,521,6093,1981,20619,106500,10095,528,5875,3841,20866,,,544,2940,20,14747,0,2171,2,11822,0,152,0,3268,17817,988,698,8,3190,4584,0,4,15955
543,1665,318,750,8375,6251,55221,176550,17688,436,4984,3261,17765,,,327,1721,13,8629,0,4687,3,25536,0,72,0,2695,14634,3136,5111,89,21405,7468,0,9,26480
544,3600,677,1436,18063,4219,39302,79950,13136,,,,,,,221,1207,7,6060,0,1089,0,5937,0,129,0,1112,6056,2391,3809,41,14757,1657,0,1,5911
545,2629,488,1036,13155,3980,40279,75450,11869,,,,,,,448,2367,20,11869,0,2191,2,12030,0,104,0,1089,5937,815,1547,19,5879,4155,0,5,14796
546,5500,1031,2255,27564,,,222750,,,,,,,,603,3167,19,15886,0,2201,3,11993,0,81,0,3291,17936,3114,3266,51,11880,2009,0,2,7155
547,1664,311,734,8370,,,213450,,,,,,,,222,1186,10,5943,0,1089,2,5937,,,0,3315,18057,1938,2902,48,11876,1665,0,1,5937
548,4096,771,1755,20558,,,79650,,,,,,,,329,1731,17,8695,,,,,,,0,1089,5937,1472,1566,23,5937,,,,
549,1408,255,493,7026,,,151800,,,,,,,,410,2380,17,11939,,,,,,,0,2169,11833,3738,3801,31,14867,,,,
550,3603,685,862,18086,,,75000,,,,,,,,226,1185,9,5937,,,,,,,0,2202,11985,2128,2154,28,9834,,,,
551,6384,1106,1565,32049,,,152850,,,,,,,,403,2392,17,11997,,,,,,,0,2179,11880,,,,,,,,
552,2371,415,1027,11880,,,72300,,,,,,,,224,1173,10,5879,,,,,,,0,1089,5937,,,,,,,,
553,3620,643,1569,18170,,,114450,,,,,,,,221,1207,7,6060,,,,,,,0,1796,9814,,,,,,,,
554,4729,896,1978,23698,,,262650,,,,,,,,660,3556,30,17817,,,,,,,0,3782,20566,,,,,,,,
555,2371,446,1040,11880,,,191850,,,,,,,,217,1185,10,5937,,,,,,,0,2883,15736,,,,,,,,
556,2370,446,1009,11874,,,228000,,,,,,,,831,5025,24,25709,,,,,,,0,3266,17807,,,,,,,,
557,4054,774,1678,20359,,,115800,,,,,,,,683,3577,28,17934,,,,,,,0,1799,9825,,,,,,,,
558,3716,690,1000,18641,,,25050,,,,,,,,420,2381,16,11945,,,,,,,0,1089,5937,,,,,,,,
559,1864,286,355,9932,,,,,,,,,,,443,2370,20,11874,,,,,,,,,,,,,,,,,
560,3141,586,1239,15751,,,,,,,,,,,,,,,,,,,,,,,,,,,,,,,
561,3542,603,1392,17748,,,,,,,,,,,,,,,,,,,,,,,,,,,,,,,
562,1185,219,493,5937,,,,,,,,,,,,,,,,,,,,,,,,,,,,,,,
