,branch-instructions,branch-misses,bus-cycles,instructions1,cache-references,cpu-cycles,ref-cycles,instructions2,L1-dcache-load-misses,L1-dcache-loads,L1-dcache-stores,instructions3,LLC-load-misses,LLC-loads,branch-load-misses,branch-loads,dTLB-load-misses,instructions5,dTLB-store-misses,dTLB-stores,iTLB-load-misses,instructions6,node-load-misses,node-loads,node-store-misses,instructions7,dTLB-loads,iTLB-loads,node-stores,instructions10
0,186027,12862,32156,801825,89153,1340274,1343400,837142,11042,194654,117373,837069,1289,6022,7980,198724,1056,838923,59,117252,785,835611,0,1181,0,1059639,194662,925,371,837109
1,185859,12865,36334,800404,86781,1325991,1329300,835322,11845,195347,117698,838799,1827,6254,,,,,73,118628,839,844828,0,2055,0,953018,195776,894,385,839732
2,2112919,37964,70064,8903447,89765,1364657,1367850,843163,,,,,,,,,,,66,117460,778,836276,0,1735,0,898382,,,,
3,1534596,33449,122521,6461297,96358,1191122,4775400,862593,,,,,,,,,,,70,117248,808,836673,0,1727,,,,,,
4,186024,13076,10264,801136,,,,,,,,,,,,,,,64,117227,814,836365,,,,,,,,
5,185739,12954,39942,799977,,,,,,,,,,,,,,,,,,,,,,,,,,
6,2100496,38621,66461,8834827,,,,,,,,,,,,,,,,,,,,,,,,,,
7,1525157,26681,98020,6417789,,,,,,,,,,,,,,,,,,,,,,,,,,
8,2197683,38802,317851,9255743,,,,,,,,,,,,,,,,,,,,,,,,,,
9,1500552,31412,53778,6315874,,,,,,,,,,,,,,,,,,,,,,,,,,
10,185434,12822,10855,798864,,,,,,,,,,,,,,,,,,,,,,,,,,
11,187211,12905,36991,807932,,,,,,,,,,,,,,,,,,,,,,,,,,
12,2080424,38363,236737,8741710,,,,,,,,,,,,,,,,,,,,,,,,,,
13,1518072,32332,142621,6389316,,,,,,,,,,,,,,,,,,,,,,,,,,
14,200221,7514,9198,844779,,,,,,,,,,,,,,,,,,,,,,,,,,
15,204505,8416,9706,872243,,,,,,,,,,,,,,,,,,,,,,,,,,
