,branch-instructions,branch-misses,bus-cycles,instructions1,cache-references,cpu-cycles,ref-cycles,instructions2,L1-dcache-load-misses,L1-dcache-loads,L1-dcache-stores,instructions3,LLC-load-misses,LLC-loads,branch-load-misses,branch-loads,dTLB-load-misses,instructions5,dTLB-store-misses,dTLB-stores,iTLB-load-misses,instructions6,node-load-misses,node-loads,mem-loads,mem-stores,instructions8,cache-misses,L1-icache-load-misses,LLC-stores,instructions9,dTLB-loads,iTLB-loads,node-stores,instructions10
0,527,89,229,2612,19226,191067,302700,39748,2358,22332,14100,75396,134,178,1428,8306,71,41759,15,2885,2,14903,0,67,0,8622,44252,4192,3500,65,9889,2975,0,37,9960
1,1926,379,1047,9878,3907,47778,292950,13808,459,4571,2717,15419,268,513,548,2906,24,14908,74,12342,13,63514,0,381,0,5748,29502,13820,13300,243,39594,8899,0,151,29722
2,1926,377,1040,9878,4779,39145,199950,9955,768,7361,4819,24733,74,159,551,2891,24,14827,15,2874,4,14750,0,147,0,2865,14673,4144,3497,65,9965,5923,1,79,19761
3,1926,376,417,9878,4861,41386,199500,10111,437,3494,1907,12002,134,175,546,2879,22,14752,17,2875,3,14756,0,78,0,2865,14673,4120,3418,60,9883,3007,0,18,10201
4,2878,501,1330,14750,4797,38729,156600,9883,615,6192,3524,21071,128,165,563,2893,22,14832,12,1934,2,9878,0,102,0,1934,9883,4134,3385,65,9963,5926,2,58,19932
5,2865,546,1258,14673,4758,39006,37950,9960,402,3256,1793,10881,80,177,548,2865,23,14673,12,1943,2,9957,0,154,0,472,2617,4180,3525,63,9955,3008,2,8,10227
6,2894,547,1436,14834,4698,37189,153150,9883,589,6063,3476,20671,130,170,92,528,8,2617,12,1943,2,9960,0,37,0,1934,9883,6855,5836,112,18930,6119,1,31,20876
7,529,93,253,2623,2308,25385,155400,10537,499,5236,2951,19806,326,483,549,2892,22,14833,12,1934,2,9883,0,68,0,1943,9962,5405,4581,92,14755,3336,0,16,11478
8,2867,544,1412,14678,4523,57860,158700,20637,631,6231,3537,21225,77,167,517,2865,23,14673,11,1943,2,9955,0,145,0,1943,9960,4938,4705,98,14673,3389,1,8,11687
9,2892,545,647,14829,2249,24321,153000,10201,279,3019,1732,10292,142,240,91,528,8,2617,11,1934,2,9883,0,40,0,1975,10180,538,671,7,2773,6406,2,17,21676
10,2865,544,1374,14673,2575,29714,156450,11261,297,3075,1750,10472,108,184,556,2884,23,14768,8,2018,1,10539,0,156,0,1943,9960,4247,3515,67,10032,3051,1,8,10398
11,528,32,210,2617,5126,75408,168300,22545,563,6101,3488,20735,26,48,513,2865,24,14673,13,1952,2,10039,0,100,0,1944,9963,4060,3417,61,9878,3051,0,18,10395
12,1928,373,398,9883,2331,20670,179250,10199,323,3158,1795,10800,100,244,377,2865,15,14673,12,1934,2,9883,0,155,0,2606,14416,889,761,7,2623,3050,1,8,10356
13,1926,384,1132,9878,4790,60661,155400,21401,809,7059,4050,24263,183,245,90,529,8,2623,11,1943,3,9955,0,101,0,1934,9878,4106,3467,61,9955,3050,0,18,10362
14,528,92,245,2617,2387,26939,,10701,813,7766,4860,26329,37,45,165,935,4,4769,,,,,0,40,,,,4076,3432,59,9878,3008,2,8,10215
15,1926,375,1043,9878,4650,33938,,9883,337,3380,1991,11592,,,398,1943,18,9981,,,,,0,120,,,,,,,,2975,0,20,10114
16,,,,,2608,23199,,11246,279,3050,1743,10359,,,513,2879,23,14752,,,,,0,160,,,,,,,,3019,0,8,10237
17,,,,,4986,67362,,22011,274,3019,1732,10298,,,545,2878,22,14750,,,,,0,38,,,,,,,,3079,2,8,10532
18,,,,,2644,26918,,11092,365,3234,1812,11094,,,560,2892,24,14829,,,,,,,,,,,,,,3179,0,17,10845
19,,,,,2393,21477,,10685,532,5235,3031,18068,,,104,1129,6,4859,,,,,,,,,,,,,,2975,0,57,9962
20,,,,,4817,48088,,20975,394,3276,1826,11241,,,,,,,,,,,,,,,,,,,,2963,0,58,9884
21,,,,,2215,25204,,10218,615,6429,3733,21960,,,,,,,,,,,,,,,,,,,,2961,0,49,9878
22,,,,,4513,61537,,20609,314,3132,1774,10728,,,,,,,,,,,,,,,,,,,,2988,0,49,10034
23,,,,,2226,21846,,10143,290,3051,1745,10379,,,,,,,,,,,,,,,,,,,,2974,0,47,9957
24,,,,,2273,25565,,10373,284,3026,1730,10293,,,,,,,,,,,,,,,,,,,,2974,0,50,9955
25,,,,,5328,82775,,23232,291,3019,1732,10298,,,,,,,,,,,,,,,,,,,,2962,0,25,9883
26,,,,,2302,25081,,10153,435,3465,1900,11980,,,,,,,,,,,,,,,,,,,,2974,0,53,9957
27,,,,,2328,20497,,10373,324,3189,1806,10901,,,,,,,,,,,,,,,,,,,,3338,1,12,11504
28,,,,,4747,46442,,20741,305,3085,1754,10518,,,,,,,,,,,,,,,,,,,,3012,0,10,10236
29,,,,,4742,38416,,9883,396,3673,2125,12687,,,,,,,,,,,,,,,,,,,,6531,2,30,22464
30,,,,,2342,26069,,10527,473,4388,2874,14755,,,,,,,,,,,,,,,,,,,,3251,0,26,11189
31,,,,,4906,38938,,9888,583,6043,3458,20554,,,,,,,,,,,,,,,,,,,,3035,1,9,10381
32,,,,,4754,38790,,9957,399,3319,1842,11402,,,,,,,,,,,,,,,,,,,,3083,0,20,10516
33,,,,,2201,18739,,9943,381,3331,1858,11451,,,,,,,,,,,,,,,,,,,,6134,0,45,20908
34,,,,,2387,27101,,10456,398,3251,1811,11155,,,,,,,,,,,,,,,,,,,,3136,0,29,10725
35,,,,,3752,42366,,16316,387,3276,1826,11244,,,,,,,,,,,,,,,,,,,,6158,0,50,21023
36,,,,,2278,24685,,10134,313,3036,1731,10356,,,,,,,,,,,,,,,,,,,,3355,0,21,11613
37,,,,,1745,17000,,6187,294,3036,1731,10356,,,,,,,,,,,,,,,,,,,,6163,0,41,21081
38,,,,,4881,91486,,22175,306,3038,1734,10371,,,,,,,,,,,,,,,,,,,,3051,0,23,10415
39,,,,,2059,18038,,9952,326,3080,1748,10521,,,,,,,,,,,,,,,,,,,,2974,0,55,9955
40,,,,,2380,26419,,10439,278,3070,1761,10473,,,,,,,,,,,,,,,,,,,,6669,0,56,22917
41,,,,,2306,25484,,10292,709,5996,3425,20419,,,,,,,,,,,,,,,,,,,,6597,0,46,22707
42,,,,,2277,25730,,10275,515,3255,1830,11171,,,,,,,,,,,,,,,,,,,,5958,0,49,20339
43,,,,,4840,38936,,9962,364,3460,2017,11871,,,,,,,,,,,,,,,,,,,,6100,1,41,20836
44,,,,,2232,42785,,10371,297,3093,1759,10520,,,,,,,,,,,,,,,,,,,,5902,0,22,20087
45,,,,,2201,34242,,10362,279,3018,1730,10281,,,,,,,,,,,,,,,,,,,,2961,0,47,9878
46,,,,,2196,44009,,10356,765,7425,4600,25064,,,,,,,,,,,,,,,,,,,,6595,0,53,22679
47,,,,,2216,38238,,10368,336,3377,1987,11561,,,,,,,,,,,,,,,,,,,,6556,1,54,22541
48,,,,,2339,25699,,10272,280,3026,1731,10294,,,,,,,,,,,,,,,,,,,,6019,0,23,20525
49,,,,,2271,25079,,10210,388,3303,1844,11374,,,,,,,,,,,,,,,,,,,,5981,0,27,20281
50,,,,,2469,47315,,11322,76,772,472,2617,,,,,,,,,,,,,,,,,,,,,,,
51,,,,,2468,37832,,11067,397,3396,1889,11726,,,,,,,,,,,,,,,,,,,,,,,
52,,,,,2280,44525,,10724,307,2974,1943,9957,,,,,,,,,,,,,,,,,,,,,,,
53,,,,,2309,38445,,10353,316,2961,1934,9878,,,,,,,,,,,,,,,,,,,,,,,
54,,,,,4311,65541,,9957,963,9214,5480,31235,,,,,,,,,,,,,,,,,,,,,,,
55,,,,,3009,30989,,11555,404,3346,1860,11535,,,,,,,,,,,,,,,,,,,,,,,
56,,,,,2219,34981,,10198,394,3302,1843,11361,,,,,,,,,,,,,,,,,,,,,,,
57,,,,,2359,25846,,10370,761,6616,3678,22650,,,,,,,,,,,,,,,,,,,,,,,
58,,,,,2340,21090,,10357,318,3037,1733,10373,,,,,,,,,,,,,,,,,,,,,,,
59,,,,,2244,45246,,10563,614,6311,3598,21435,,,,,,,,,,,,,,,,,,,,,,,
60,,,,,2367,38928,,10195,279,3048,1750,10415,,,,,,,,,,,,,,,,,,,,,,,
61,,,,,5607,59080,,22522,297,2996,1718,10200,,,,,,,,,,,,,,,,,,,,,,,
62,,,,,,,,,617,6378,3704,21773,,,,,,,,,,,,,,,,,,,,,,,
63,,,,,,,,,310,3039,1734,10361,,,,,,,,,,,,,,,,,,,,,,,
64,,,,,,,,,337,3158,1786,10782,,,,,,,,,,,,,,,,,,,,,,,
65,,,,,,,,,609,6338,3615,21517,,,,,,,,,,,,,,,,,,,,,,,
66,,,,,,,,,311,3036,1731,10356,,,,,,,,,,,,,,,,,,,,,,,
67,,,,,,,,,565,6110,3477,20678,,,,,,,,,,,,,,,,,,,,,,,
68,,,,,,,,,609,5969,3660,20175,,,,,,,,,,,,,,,,,,,,,,,
69,,,,,,,,,297,2993,1715,10192,,,,,,,,,,,,,,,,,,,,,,,
70,,,,,,,,,706,6383,3590,21867,,,,,,,,,,,,,,,,,,,,,,,
71,,,,,,,,,370,3209,1795,11000,,,,,,,,,,,,,,,,,,,,,,,
72,,,,,,,,,295,2993,1715,10198,,,,,,,,,,,,,,,,,,,,,,,
73,,,,,,,,,576,5968,3421,20230,,,,,,,,,,,,,,,,,,,,,,,
74,,,,,,,,,463,3027,1726,10343,,,,,,,,,,,,,,,,,,,,,,,
75,,,,,,,,,867,6018,3450,20539,,,,,,,,,,,,,,,,,,,,,,,
76,,,,,,,,,324,2974,1943,9957,,,,,,,,,,,,,,,,,,,,,,,
77,,,,,,,,,448,4358,2616,14430,,,,,,,,,,,,,,,,,,,,,,,
78,,,,,,,,,517,4995,3254,16668,,,,,,,,,,,,,,,,,,,,,,,
79,,,,,,,,,319,2961,1934,9878,,,,,,,,,,,,,,,,,,,,,,,
