,branch-instructions,branch-misses,bus-cycles,instructions1,cache-references,cpu-cycles,ref-cycles,instructions2,L1-dcache-load-misses,L1-dcache-loads,L1-dcache-stores,instructions3,LLC-load-misses,LLC-loads,LLC-store-misses,instructions4,branch-load-misses,branch-loads,dTLB-load-misses,instructions5,dTLB-store-misses,dTLB-stores,iTLB-load-misses,instructions6,node-load-misses,node-loads,node-store-misses,instructions7,mem-loads,mem-stores,instructions8,cache-misses,L1-icache-load-misses,LLC-stores,instructions9,dTLB-loads,iTLB-loads,node-stores,instructions10
0,2394,295,1081,10693,4011,55301,69600,10688,483,3974,2308,15172,249,435,22,25450,295,2444,55,10935,24,3807,37,24293,0,230,0,25634,0,1612,10692,943,2921,39,12064,5509,35,42,22374
1,3796,490,1340,17058,1562,32596,207150,10727,312,2617,1604,10657,485,474,38,25432,302,2421,56,10818,8,1637,15,10864,0,90,0,17440,0,2607,17228,1903,2523,14,10743,6970,32,53,28078
2,2387,284,1067,10667,6725,97003,82500,17067,902,6973,3957,27361,234,298,34,19528,315,2406,57,10736,6,1641,14,10881,0,90,0,18229,0,1616,10701,3998,4304,58,17162,5322,13,28,21757
3,2387,296,1078,10667,1816,38984,197250,10669,652,4285,2593,17173,599,598,43,29791,298,2402,54,10722,13,1762,14,11617,0,400,0,15527,0,1938,12684,2525,2829,22,11655,5306,8,26,21706
4,2386,298,1169,10668,4140,38283,130800,10708,312,2619,1605,10662,137,155,28,19202,491,3821,101,17168,6,1617,14,10733,0,93,0,69503,0,1647,10968,1857,2820,21,10657,1627,8,31,6382
5,2395,302,1049,10696,1733,43658,128100,10694,290,2614,1597,10653,204,281,21,13685,315,2389,52,10675,19,2563,35,17020,0,247,0,17685,0,1640,10909,1900,2481,17,10676,5342,19,26,21686
6,5317,739,2803,23917,3752,40192,275550,10691,328,2618,1604,10663,318,279,39,24787,307,2459,56,11014,6,1597,14,10646,0,100,0,16943,0,2620,17386,1940,2649,23,10676,1631,3,16,6490
7,2390,295,1089,10675,21496,203203,165000,52653,547,4223,2582,17087,425,453,39,26364,300,2418,54,10822,6,1600,14,10660,0,103,0,19977,0,1630,10831,4421,4480,44,17051,5264,13,15,21432
8,2382,291,1091,10647,3816,38113,299250,10784,596,4252,2577,17071,163,287,38,25791,443,3801,92,17043,10,2570,39,17021,0,667,0,16024,0,2572,17030,1960,2613,20,10650,7033,16,53,28313
9,2391,289,424,10678,1955,48360,163200,10656,309,2616,1604,10654,357,415,19,20545,504,3806,91,17103,7,1606,15,10669,0,94,0,15991,0,1607,10682,18055,17413,253,60964,5262,8,16,21433
10,2383,288,282,10652,3915,38788,177750,10733,321,2616,1604,10654,135,154,18,18212,299,2396,56,10699,18,2633,38,17551,0,227,0,18596,0,1633,10995,803,2620,15,10724,5512,13,40,22412
11,3796,482,728,17057,1737,42283,288300,10649,304,2611,1597,10643,208,284,18,10735,311,2396,55,10707,6,1658,14,11039,0,93,0,17385,0,2647,17649,1820,2494,17,10705,4306,24,45,17270
12,2384,298,1046,10658,6701,97718,148500,17124,351,2663,1631,10827,257,296,19,10680,289,2391,53,10685,7,1632,14,10827,0,97,0,16255,0,1594,10615,3406,4140,47,17138,2660,16,14,10814
13,2456,125,815,10976,1895,44650,156000,10711,614,4284,2599,17190,259,137,14,10864,303,2396,56,10706,7,1641,14,10888,0,92,0,27962,0,1610,10709,1932,2448,14,10803,4202,7,30,17001
14,2457,311,1125,11002,3989,41290,167700,10814,424,2715,1652,11045,96,333,20,15671,519,3803,95,17090,6,1606,14,10685,0,98,0,15258,0,1639,10913,793,1801,9,10811,2630,4,14,10715
15,2429,278,1328,10866,1927,45050,160950,10860,413,2667,1635,10840,213,124,14,10639,296,2412,55,10791,18,2558,36,16976,0,238,0,24929,0,1636,10882,3582,4560,44,21639,2687,6,13,10904
16,5261,716,2261,23727,3772,39119,83700,10772,340,2634,1616,10718,413,159,14,10639,316,2437,53,10903,9,1771,15,11681,0,110,0,6319,0,2590,17101,6381,6595,71,27911,4332,6,43,17339
17,4293,478,720,21295,7314,96795,163800,23591,676,4249,2607,17176,102,127,14,10639,310,2419,57,10827,7,1609,14,10671,0,98,0,6493,0,1609,10685,6294,6940,50,28046,2609,4,11,10631
18,2383,296,852,10648,3758,42173,279750,10690,582,4250,2575,17069,107,297,16,10651,1349,9530,224,45128,10,2575,38,17019,0,209,0,20680,0,2570,16998,4489,5284,44,22527,2622,16,14,10677
19,2422,315,442,10824,2030,46654,165600,10994,409,2617,1604,10657,232,264,26,16062,509,3804,94,17093,6,1612,14,10683,0,102,0,24910,0,1617,10731,2588,1897,33,6572,2628,16,13,10697
20,2444,325,600,10928,3713,40760,175650,10793,653,5244,3220,21362,95,165,16,10689,313,2398,53,10717,18,2592,35,17130,0,233,0,6408,0,1612,10676,3231,4738,38,21352,2624,4,10,10687
21,3798,487,1515,17064,1853,43919,275400,10676,651,5239,3210,21334,259,117,16,10843,324,2566,67,11661,7,1640,14,10912,0,104,0,24265,0,2574,17079,3753,5013,34,21359,4363,12,42,17448
22,2386,286,1118,10663,6550,68148,174000,17135,268,1627,965,6375,425,165,14,10782,309,2388,54,10675,7,1629,14,10858,0,104,0,22147,0,1594,10615,6251,7057,70,27719,2669,4,10,10844
23,2386,227,814,10661,1778,45950,187350,10704,721,5371,3291,21839,94,117,14,10663,289,2384,53,10660,7,1613,14,10725,0,106,0,25927,0,1783,11740,6276,6986,52,27662,10263,42,115,40060
24,2386,284,958,10657,3286,38776,169950,10667,647,5252,3217,21384,93,301,20,15912,495,3800,93,17067,7,1633,14,10812,0,65,0,21042,0,1614,10680,3349,4645,48,21513,2644,9,9,10754
25,2446,232,769,10995,1846,44334,156450,10974,1217,8855,5690,34608,253,116,14,10906,284,2387,53,10667,20,2605,36,17217,0,235,0,6336,0,1606,10642,2595,1953,30,6603,2623,4,10,10685
26,5219,730,2463,23461,3517,38928,305250,10683,951,6976,4224,28100,99,154,35,17798,287,2384,52,10654,6,1600,14,10658,0,99,0,19942,0,2661,17806,3157,4993,57,21535,4260,7,42,17103
27,2391,230,764,10683,7238,96013,159000,23428,732,5277,3234,21482,886,116,11,10664,293,2386,55,10661,6,1612,14,10683,0,104,0,7095,0,1626,10777,3369,5040,40,21359,2704,4,14,10952
28,2392,226,250,10680,3401,36050,276300,10646,689,5268,3231,21466,415,345,14,10723,497,3787,92,16963,11,2571,38,17032,0,203,0,19848,0,2566,17016,6161,7027,63,27714,2699,10,11,10939
29,2421,316,907,10832,1881,44646,166950,10661,280,1670,979,6522,101,282,15,17030,515,3836,97,17245,7,1624,15,10756,0,98,0,22674,0,1612,10709,5281,6857,55,27713,2625,4,17,10700
30,2400,265,887,10732,3742,41438,162900,10685,736,5419,3298,21964,113,164,12,10646,308,2417,56,10818,19,2575,36,17078,0,224,0,26014,0,1624,10808,3236,5424,36,21614,2628,4,14,10708
31,3802,504,1324,17080,1830,44232,295500,10687,667,5291,3229,21521,254,123,10,10669,296,2386,54,10661,7,1612,14,10690,0,92,0,21012,0,2619,17366,1995,1499,33,6504,4249,6,46,17071
32,2394,306,967,10688,5226,64092,177450,17421,232,1610,978,6429,101,151,11,10856,327,2564,64,11654,7,1597,12,10629,0,90,0,6452,0,1615,10705,3735,4976,34,21654,2763,4,12,11288
33,2391,299,1108,10683,1886,46798,164550,10753,927,6894,4197,27843,208,120,12,10689,311,2398,55,10719,7,1650,14,10956,0,93,0,20528,0,1607,10671,2942,4921,41,21513,4270,7,31,17247
34,2382,312,982,10647,3891,37667,158100,10696,648,5255,3225,21402,343,337,17,17035,483,3804,94,17085,6,1633,14,10884,0,82,0,15570,0,1610,10697,6398,6909,64,27783,2623,4,15,10690
35,2391,292,864,10683,1870,44747,155250,10671,655,5266,3236,21456,101,133,10,10628,301,2386,54,10666,19,2608,36,17252,0,258,0,10700,0,1610,10697,1925,1584,21,6357,2616,4,14,10660
36,5903,832,2732,27001,6389,69076,284550,17023,268,1627,965,6375,99,159,14,10688,315,2463,55,11025,7,1772,14,11683,0,97,0,10690,0,2583,17099,3375,5020,35,21388,4274,18,43,17156
37,2414,304,1092,10807,6827,92747,156000,25844,640,5239,3215,21355,253,122,11,10704,306,2420,56,10834,7,1612,14,10690,0,94,0,17073,0,1610,10697,3752,4901,39,21696,2622,15,12,10668
38,2397,308,971,10696,3738,41409,706500,10677,691,5357,3274,21759,109,1475,14,10907,497,3811,95,17082,24,7363,76,45408,0,175,0,17027,0,7304,45389,1247,1914,38,7072,2619,4,10,10677
39,2393,279,324,10681,1960,49514,161550,10842,225,1607,977,6412,208,279,48,34419,512,3886,94,17551,7,1622,14,10753,0,117,0,10752,0,1638,10897,3740,4888,40,21719,2616,4,12,10654
40,2394,285,400,10689,3610,37128,169200,10753,921,7033,4264,28341,371,160,12,10707,299,2417,53,10804,18,2592,36,17127,0,245,0,9740,0,1632,10847,3307,4799,50,21517,2703,4,10,10940
41,3819,507,1307,17157,1869,43784,228750,10679,645,5243,3219,21352,109,138,14,10673,300,2403,52,10721,6,1611,14,10704,0,98,0,10781,0,2579,17064,350,1559,65,7058,4314,6,45,17312
42,2403,314,1038,10745,6810,63729,159300,17578,737,5377,3281,21831,136,188,22,11752,300,2387,49,10669,6,1605,14,10675,0,89,0,10740,0,1614,10685,4770,5060,38,21416,2615,11,14,10648
43,2414,285,1296,10782,1943,44421,177750,10904,286,1704,1004,6776,246,393,12,10985,302,2400,54,10726,6,1607,14,10682,0,102,0,17216,0,1614,10687,9893,9180,133,34527,4224,8,31,17088
44,2386,291,1094,10663,3559,31410,142200,10851,693,5352,3268,21728,96,341,19,17396,489,3799,91,17078,18,2570,36,17051,0,86,0,17046,0,1604,10656,3674,4970,34,21370,2629,4,13,10714
45,2401,281,1291,10717,1872,55280,159600,10693,683,5350,3261,21706,191,159,18,10756,297,2398,53,10714,7,1607,14,10682,0,236,0,10749,0,1600,10665,5280,6754,76,28263,2632,4,13,10717
46,21868,2736,9737,105500,5959,56426,279300,17053,232,1614,979,6442,416,161,12,10702,292,2387,50,10671,6,1649,14,10995,0,85,0,15554,0,2587,17318,3143,5672,88,609,4629,12,50,18451
47,2417,297,1086,10859,4732,74521,150150,17436,1458,12326,7268,47071,104,152,12,10912,388,3801,87,17046,6,1631,14,10873,0,111,0,10665,0,1610,10706,2012,2513,18,21747,2658,10,12,10807
48,2391,299,1175,10681,3713,38545,281700,10651,765,5299,3239,21559,152,284,15,10706,303,2384,50,10661,10,2557,38,16946,0,209,0,10711,0,2570,17012,765,2451,23,10885,2674,10,15,10986
49,2404,287,1212,10739,1903,45905,119550,10675,668,5242,3213,21355,187,306,28,25534,505,3918,93,17639,18,2580,36,17094,0,103,0,17032,0,1604,10661,4470,4105,49,10713,2621,4,17,10676
50,2391,297,885,10685,4045,42911,334500,10724,281,1631,967,6398,107,166,11,10651,295,2382,51,10647,7,1597,14,10636,0,277,0,47636,0,3246,21572,1927,2448,23,17187,2708,4,12,10978
51,3849,484,1837,17319,1846,43831,116700,10731,789,5288,3242,21587,234,148,14,11171,322,2457,58,11005,7,1656,14,11010,0,121,0,10649,0,991,6530,4397,4472,30,10854,4350,6,49,17420
52,6070,914,2661,32754,6841,69449,485100,17093,659,5236,3208,21326,381,164,12,10933,308,2457,54,11010,6,1630,14,10862,0,104,0,25655,0,5275,33585,1920,2798,19,17037,2726,4,13,11038
53,1159,557,1795,21417,1874,46677,246750,10923,225,1585,963,6336,87,165,13,11039,300,2410,56,10784,6,1617,14,10716,0,108,0,10850,0,3524,23091,1914,2488,14,10694,5778,6,45,22240
54,4799,1017,3795,34435,4697,45780,434850,12048,960,6884,4188,27789,97,327,17,37554,503,3804,93,17095,18,2625,37,17395,0,96,0,10649,0,4209,28091,3218,4016,56,10666,2619,4,10,10670
55,7675,575,2074,21549,1865,46723,441450,10765,666,5250,3219,21391,187,172,12,13053,282,2386,53,10666,6,1620,14,10760,0,246,0,17138,0,4175,27740,1906,2462,14,17106,2631,4,11,10718
56,4820,578,2281,21377,24576,233531,329100,60825,671,5322,3254,21630,102,168,12,10715,303,2468,55,11038,6,1651,14,11012,0,88,0,17074,0,3226,21439,1900,2513,21,10655,4270,8,43,17136
57,4787,212,872,6496,4817,75204,119250,17126,281,1633,969,6408,547,158,18,11037,512,3865,93,17363,7,1630,14,10824,0,95,0,10649,0,995,6568,1899,2797,15,10695,2620,4,12,10675
58,1431,398,1864,21503,3787,39243,342000,10693,658,5254,3229,21401,244,285,11,10716,317,2409,53,10769,11,2563,38,17006,0,192,0,17080,0,3270,21785,1818,2434,22,10671,2627,4,12,10704
59,4808,584,2460,21619,1904,49067,330900,10663,769,5313,3249,21589,104,312,16,17112,497,3806,93,17091,19,2580,35,17095,0,92,0,10721,0,3210,21376,4547,4003,48,10711,5000,9,13,18527
60,4839,732,3226,34398,2666,32088,398550,10654,1557,10391,6467,40454,86,176,11,10673,293,2391,52,10683,7,1608,14,10683,0,232,0,10666,0,4183,27696,1915,2490,14,17360,2626,10,18,10693
61,7648,817,2918,30757,1830,46014,448200,10659,602,4266,2583,17129,213,150,14,10854,296,2387,52,10668,7,1610,14,10704,0,103,0,17146,0,4185,27689,4381,4563,32,10832,5858,25,43,22382
62,6428,519,1943,21374,6824,64148,324000,17092,364,2716,1653,10995,103,262,14,10746,289,2391,53,10685,6,1597,14,10643,0,92,0,17027,0,3191,21242,1832,2495,20,17001,2724,15,13,11019
63,4786,196,676,6376,1870,46134,116850,10982,332,2647,1620,10769,198,161,8,10624,295,2393,54,10669,6,1600,14,10670,0,100,0,10782,0,973,6410,1877,2547,14,10719,4260,6,22,17207
64,1404,492,2234,21400,3460,39144,337950,10790,413,2929,1793,11849,469,322,15,16919,498,3837,92,17262,18,2569,36,17038,0,105,0,16736,0,3208,21334,4301,4308,61,10665,2627,4,12,10697
65,4792,512,1931,21353,5637,82567,239550,21518,596,4263,2586,17115,110,156,13,10712,300,2402,54,10736,5,1620,15,10798,0,268,0,11004,0,3247,21521,1956,2522,15,17506,2869,4,23,11653
66,4783,1024,3815,34616,2873,28228,464850,6433,329,2629,1615,10714,135,160,16,10729,297,2388,55,10663,7,1657,14,11110,0,88,0,10941,0,4191,27835,700,2405,23,10881,4256,6,46,17079
67,7703,582,2294,21405,9041,107953,457950,29031,436,2623,1608,10686,99,169,10,10719,1547,12560,271,60161,7,1630,14,10809,0,102,0,17140,0,4173,27695,1588,2020,38,10718,2621,4,13,10682
68,4789,584,1992,21423,5801,84502,343950,21359,308,2607,1596,10620,99,288,12,10669,294,2393,54,10697,11,2560,38,16958,0,932,0,17068,0,3209,21338,1878,2491,21,14875,2616,15,13,10649
69,4797,196,790,6400,6558,86808,115800,22503,320,2628,1614,10706,220,676,20,15963,503,3805,93,17091,18,2605,37,17235,0,109,0,10697,0,973,6406,4441,4428,47,10666,2633,16,13,10719
70,1412,596,2386,21436,2782,26605,324750,6376,829,5861,3551,23509,87,165,14,10728,298,2396,54,10704,7,1658,14,11177,0,239,0,18063,0,3224,21400,2012,2700,23,17038,2613,4,10,10648
71,4800,589,2425,22405,7817,78103,213750,21360,316,2616,1604,10656,95,155,8,10646,308,2382,51,10647,7,1607,14,10682,0,82,0,10668,0,3213,21340,4481,4520,32,10688,4248,13,50,17062
72,4967,998,2964,34202,7106,80379,462600,21344,320,2623,1609,10682,88,209,15,10661,310,2440,53,10980,6,1626,14,10797,0,102,0,11011,0,4416,29285,1945,2520,19,17473,2712,4,12,10974
73,7622,601,2399,21591,2816,27450,1118850,6511,332,2672,1639,10856,208,169,12,10841,225,2462,59,11025,7,1633,14,10839,0,106,0,17421,0,11954,72125,1917,2512,16,10819,4257,6,28,17200
74,4829,604,2286,21693,10329,103943,310050,28006,324,2630,1615,10707,222,378,15,16627,505,3824,95,17188,20,2578,34,17080,0,92,0,17140,0,3226,21427,4527,4418,59,10612,2620,4,11,10675
75,4837,193,771,6377,7988,88201,112950,21363,594,4243,2570,17031,91,204,10,10653,291,2393,53,10693,8,1616,14,10706,0,235,0,17610,0,1043,6950,1908,2491,14,17428,2911,4,20,11925
76,1405,596,2469,21367,6429,72998,345300,21756,359,2717,1655,10997,92,175,12,10716,296,2393,54,10695,7,1599,14,10649,0,95,0,11030,0,3230,21425,1883,2552,21,10719,4273,12,40,17143
77,4781,578,2320,21349,2795,28244,325200,6401,320,2642,1619,10743,100,174,11,10699,509,3837,92,17185,6,1615,14,10707,0,101,0,10713,0,3257,21694,1933,2855,16,10688,2627,4,12,10708
78,4776,1637,6938,62344,7901,84905,416250,21754,306,2601,1594,10603,106,314,12,10973,311,2421,55,10835,10,2570,39,17013,0,199,0,16916,0,4179,27768,1889,2304,44,10712,2627,4,13,10706
79,13360,587,1640,21704,7312,75305,393450,21375,351,2702,1645,10958,210,329,12,16476,509,3819,92,17144,18,2624,35,17366,0,95,0,10667,0,4243,28217,4509,4075,48,10678,2613,4,10,10649
80,4851,559,1136,21367,2785,26717,313800,6429,1000,5956,3594,23806,97,175,12,10686,302,2408,54,10744,6,1630,14,10861,0,207,0,50849,0,3273,21740,1975,2710,23,17073,2621,4,14,10678
81,4783,139,426,6546,10538,104585,127650,28295,327,2633,1615,10728,99,173,12,10686,297,2384,52,10654,8,1615,14,10714,0,98,0,17167,0,992,6546,4417,4467,33,10690,4262,6,44,17127
82,1441,495,2735,23753,7577,70532,316650,21816,326,2625,1609,10690,81,175,14,10714,296,2393,54,10695,7,1597,14,10637,0,127,0,10683,0,3461,22894,1877,2500,21,17487,26328,30,325,101944
83,5223,573,2421,21403,7529,66062,152850,21434,321,2618,1604,10661,219,161,13,10908,297,2381,52,10615,7,1609,14,10681,0,96,0,10656,0,3236,21504,1864,2523,14,10891,2614,6,14,10647
84,4790,973,2426,34148,2856,29238,169500,6472,327,2620,1606,10668,235,299,22,17376,492,3844,93,17346,18,2571,36,17049,0,83,0,16366,0,1617,10720,4464,4049,53,10651,2620,4,12,10672
85,7607,576,944,21336,7093,70047,282750,21765,676,4571,2769,18268,99,176,10,10685,301,2391,53,10687,9,1793,14,11766,0,243,0,11019,0,2610,17440,2008,2551,15,17142,2674,4,14,10881
86,4781,565,1997,21748,7628,94249,159300,21391,407,2727,1660,11037,91,170,12,10715,292,2435,56,10894,6,1651,14,10995,0,83,0,16993,0,1605,10669,1898,2475,22,11010,4424,18,48,17670
87,4854,192,381,6383,2778,27330,99300,6447,319,2638,1617,10731,82,149,12,10656,515,3853,94,17272,6,1630,14,10822,0,99,0,17146,0,2579,17044,1942,2495,16,10843,2623,16,12,10678
88,1406,443,1104,21612,10503,102515,172650,27847,359,2710,1643,10971,83,881,12,10721,287,2388,53,10670,28,6442,116,40431,0,205,0,10654,0,1614,10685,1936,2531,24,11012,2636,4,11,10734
89,4836,595,2495,21713,7399,89058,135300,21314,554,4231,2583,17092,313,337,12,17330,501,3805,92,17096,18,2668,37,17745,0,116,0,10656,0,1607,10663,4499,4447,45,10918,3956,4,16,14978
90,4853,111,256,6338,7729,77457,294750,21657,588,4260,2585,17105,97,176,12,10646,297,2400,55,10714,9,1631,14,10807,0,221,0,17681,0,2627,17443,982,2321,18,17537,5573,5,29,20947
91,1404,711,2263,28075,2825,25836,172800,6475,455,2614,1605,10650,94,145,8,10663,293,2392,52,10678,7,1628,14,10786,0,92,0,10686,0,1627,10784,11511,10260,189,10712,4260,6,38,17115
92,6245,568,2281,21725,9347,90353,164700,23945,323,2618,1606,10658,96,182,16,10711,302,2398,55,10714,7,1633,14,10897,0,67,0,17023,0,1609,10680,1928,2506,17,42849,4306,15,32,17347
93,4855,618,2060,22287,7659,85317,173550,21337,317,2629,1615,10705,223,174,20,16822,293,2388,53,10640,8,1612,14,10692,0,97,0,17306,0,1608,10681,1926,2388,18,10694,2669,6,10,10853
94,4944,196,750,6464,14164,145693,126600,34635,328,2631,1617,10727,222,322,12,16631,491,3796,91,17065,19,2573,35,17088,0,83,0,10729,0,1659,11121,4488,4036,54,11003,2633,4,11,10728
95,1424,588,2266,21464,10611,110095,278100,27748,590,4258,2574,17102,93,179,10,10761,289,2383,53,10650,6,1614,14,10711,0,235,0,10677,0,2599,17184,1899,2472,14,17470,2612,6,9,10646
96,4808,598,2052,21647,7785,112576,153750,33804,420,2615,1611,10666,94,174,12,10758,300,2403,56,10726,7,1600,14,10672,0,70,0,17603,0,1771,11669,2053,2579,22,10727,4307,6,46,17379
97,4843,501,1799,17076,7516,75456,291300,21364,317,2628,1614,10705,93,177,10,10686,494,3800,91,17036,11,2575,39,17049,0,102,0,10663,0,2575,17048,2016,2516,14,10668,3002,4,23,12096
98,3816,344,985,17553,2815,26667,157200,6380,329,2620,1604,10670,87,286,26,36675,305,2400,55,10724,8,1597,14,10652,0,249,0,17031,0,1597,10630,1937,2536,19,10978,2673,10,14,10868
99,3895,292,315,10682,7818,84754,172350,21478,646,4596,2799,18460,233,695,15,17000,531,3857,93,17321,19,2586,37,17111,0,111,0,17062,0,1615,10708,4499,4075,47,10851,2633,4,11,10724
100,2392,251,476,10684,7517,80262,272850,21430,645,4374,2635,17487,97,168,10,10689,311,2428,57,10861,7,1599,14,10655,0,222,0,10759,0,2584,17111,1946,2597,26,17152,2622,4,15,10673
101,2394,279,1010,10700,2760,27324,173250,6519,329,2661,1635,10826,117,6,11,10773,298,2391,52,10651,7,1629,14,10868,0,224,0,10797,0,1614,10711,4289,4035,34,10692,4247,6,45,17057
102,2397,285,1171,10678,9469,97510,147000,28111,329,2619,1605,10666,102,165,16,10913,291,2398,56,10716,7,1641,14,10975,0,203,0,16724,0,1633,10811,1887,2517,21,16995,4269,13,33,17360
103,2389,582,3281,25251,7599,83778,172950,21381,310,2618,1606,10671,811,326,18,16914,306,2440,57,10921,9,1813,14,11877,0,361,0,10676,0,1619,10740,1932,2555,14,10692,2629,16,13,10706
104,5502,295,1325,10676,7138,70157,265500,21361,323,2625,1612,10694,229,157,37,29890,494,3834,97,17238,18,2577,35,17093,0,197,0,17099,0,2591,17162,4511,4022,60,10988,2632,10,13,10722
105,2389,295,1115,10650,6829,63223,165600,17223,573,4245,2568,17050,91,281,11,10700,300,2398,55,10719,6,1652,14,10970,0,102,0,17087,0,1604,10650,1936,2480,15,17504,2623,4,12,10685
106,2383,277,1200,10678,4165,42048,171900,11008,320,2627,1614,10694,89,405,23,16854,301,2394,56,10691,6,1630,14,10875,0,198,0,10661,0,1597,10633,1905,2507,22,10695,4267,6,41,17127
107,2389,511,736,17554,3752,54020,275850,10811,317,2627,1610,10695,95,151,12,10667,499,3824,96,17160,11,2575,38,17021,0,148,0,10787,0,2572,17020,1890,2511,14,10724,2616,4,11,10654
108,3909,496,1929,17159,3793,47311,177900,10658,313,2616,1604,10654,99,169,17,16963,302,2468,58,11042,6,1612,14,10724,0,219,0,17941,0,1610,10701,868,2513,25,11130,2627,4,10,10697
109,3823,309,522,10787,6559,64952,257400,17119,554,4302,2614,17332,254,340,11,10688,508,3843,97,17267,18,2639,35,17576,0,339,0,11784,0,2581,17086,4471,4116,49,10826,2630,4,12,10724
110,2411,150,949,10752,6548,65488,162750,17053,586,4396,2639,17580,99,161,9,10637,294,2394,54,10698,6,1638,15,10841,0,345,0,40615,0,1605,10669,1928,2748,20,17174,2682,4,12,10883
111,2406,257,836,10707,3774,38612,177300,10689,317,2628,1612,10710,105,294,24,17235,315,2423,56,10846,6,1640,14,11012,0,194,0,17105,0,1607,10679,4362,4077,36,10682,4287,23,43,17195
112,2396,134,920,10688,4178,43398,170400,10684,667,5806,3499,21533,94,424,21,20889,295,2417,56,10811,7,1605,14,10682,0,373,0,10734,0,1651,11001,1882,2473,21,17040,4203,13,28,16994
113,2393,489,1892,17092,3883,37242,173700,10662,301,2625,1612,10701,212,165,38,26265,305,2409,59,10753,6,1612,14,10698,0,191,0,10776,0,1618,10737,1871,2501,15,10668,2628,6,13,10709
114,3802,284,1321,10969,3766,40487,277200,10708,394,2664,1631,10831,224,180,23,20822,494,3815,97,17133,19,2617,36,17382,0,141,0,17034,0,2563,17010,4778,3952,90,10647,2629,4,12,10705
115,2437,314,1090,10647,6605,67359,180450,17107,616,4371,2637,17602,89,439,22,21491,309,2400,56,10718,5,1617,15,10704,0,190,0,10663,0,1654,11021,1921,2524,14,26941,2906,4,23,11786
116,2382,272,1210,10650,3813,64436,169050,10679,322,2626,1609,10694,100,159,41,37422,250,2406,60,10749,7,1613,14,10686,0,207,0,17018,0,1625,10804,1760,2759,17,10688,4308,12,42,17270
117,2383,1732,6579,60719,3666,49258,705150,10667,319,2625,1612,10692,94,300,18,39506,1203,9534,223,45143,10,2568,38,17001,0,318,0,17085,0,7297,45229,1861,2515,14,10867,2622,4,12,10679
118,12696,412,1883,17134,3769,37940,166200,10657,321,2627,1609,10695,109,436,28,26310,293,2398,59,10681,7,1612,14,10694,0,184,0,10654,0,1614,10702,1901,2526,20,10846,2624,16,12,10684
119,3811,294,1162,10678,6534,67490,283200,17330,2653,24084,15121,94133,251,152,21,22552,505,3808,99,17113,18,2589,35,17130,0,102,0,10658,0,2583,17097,4472,4053,48,10702,2622,16,11,10677
120,2389,293,1226,10662,6625,68464,177150,17239,590,4254,2577,17078,97,155,36,24145,295,2396,56,10704,6,1612,14,10683,0,177,0,16544,0,1613,10684,1278,2403,16,17183,2665,4,10,10956
121,2385,298,1179,10685,3726,48554,173550,10691,362,2712,1648,10978,97,329,90,46897,314,2425,56,10838,6,1608,14,10684,0,142,0,10856,0,1607,10665,3951,4049,49,10712,4244,6,42,17052
122,2391,287,1319,10669,1926,51271,169950,10764,318,2634,1617,10714,111,181,26,21664,296,2442,59,10904,6,1622,14,10746,0,168,0,17000,0,1599,10643,1931,2545,22,17089,4242,7,30,17135
123,2387,521,1890,18060,3776,39412,173400,10693,316,2617,1605,10655,209,1201,95,51566,391,3900,94,17521,6,1630,14,10842,0,190,0,17674,0,1607,10671,1387,2434,16,10706,2698,4,14,10944
124,3976,295,1221,10700,1820,43772,297300,10698,339,2670,1638,10851,253,420,33,7041,400,2403,54,10723,20,2607,35,17237,0,318,0,10663,0,2651,17587,4484,4432,51,10698,2668,4,12,10845
125,2394,316,1129,10863,6586,65129,163050,17068,599,4300,2600,17231,95,159,20,22537,301,2405,53,10734,6,1619,15,10745,0,190,0,10888,0,1619,10746,1907,2450,16,17153,2633,4,11,10727
126,2429,284,1334,10704,1773,41679,154650,10688,323,2623,1612,10685,97,159,21,22810,297,2393,58,10658,6,1638,14,10900,0,115,0,17077,0,1602,10654,1293,2801,26,10680,4263,6,38,17109
127,2397,516,1794,17083,3885,55624,291000,10956,328,2625,1607,10690,93,335,71,29195,489,3796,90,17024,10,2600,39,17212,0,184,0,10879,0,2577,17034,1906,2550,13,10683,2614,4,16,10647
128,3807,488,2007,17111,1889,45819,161850,10830,317,2622,1606,10673,96,175,30,23567,511,3940,95,17731,6,1599,14,10643,0,223,0,17037,0,1602,10654,1911,2464,22,10843,2625,4,14,10688
129,3810,306,1182,10996,6540,66405,399150,17170,542,4211,2572,17030,233,282,48,28665,314,2428,57,10859,18,2650,36,17708,0,90,0,17114,0,3576,22872,4564,4073,45,10863,2629,4,14,10709
130,2455,312,1293,10989,4669,74181,177600,17142,576,4258,2579,17101,98,410,28,6558,286,2422,55,10806,6,1635,14,10869,0,109,0,10696,0,1638,10947,1528,2533,23,17402,2626,10,11,10689
131,2453,300,1126,10779,3849,40259,168450,11050,325,2620,1604,10668,94,148,21,23452,294,2387,60,10664,6,1624,14,10757,0,82,0,10657,0,1649,11075,4240,4044,30,10853,4250,6,43,17072
132,2410,279,1347,10762,1944,47350,169950,10820,326,2625,1609,10695,96,157,26,23281,307,2562,62,11642,6,1612,14,10683,0,92,0,17464,0,1827,12041,1290,2506,20,16989,11460,23,93,45225
133,2408,513,1940,17164,4014,38354,166800,10661,327,2620,1604,10668,199,322,82,34441,511,3894,98,17534,6,1614,14,10707,0,229,0,10843,0,1619,10745,1876,2489,15,10709,2625,4,12,10697
134,3816,135,827,10745,1793,44305,285300,10698,341,2674,1638,10867,246,166,62,31786,306,2393,54,10689,18,2573,36,17058,0,92,0,16994,0,2604,17268,4410,4086,58,10670,2627,4,12,10705
135,2405,331,1232,10947,6693,70430,175350,17160,672,4551,2761,18187,106,287,41,27971,304,2393,57,10690,7,1614,14,10707,0,202,0,17096,0,1651,10999,1906,2548,14,17144,2686,4,12,10895
136,2449,311,1169,10806,1825,46377,170100,10705,365,2720,1653,11004,93,406,31,6415,333,2392,58,10686,9,1800,14,11900,0,107,0,10658,0,1624,10833,1886,2452,24,10685,4297,18,44,17216
137,2416,515,1922,17126,3901,52034,286350,11008,342,2659,1624,10805,98,151,30,23323,501,3804,93,17054,10,2598,41,17183,0,102,0,10692,0,2629,17431,1932,2477,16,10725,2662,15,17,10822
138,3820,468,1677,17123,1842,45796,172950,10791,445,3951,2293,15126,86,154,26,23189,511,3812,96,17129,6,1605,14,10678,0,232,0,17763,0,1622,10821,1290,2552,26,10714,2630,4,13,10718
139,3812,288,1064,10651,18462,167654,302550,40128,608,4364,2646,17547,308,326,11,11327,297,2399,56,10713,18,2594,35,17160,0,103,0,11642,0,2582,17094,4608,4085,50,10917,2624,4,11,10690
140,2382,301,1142,10910,4664,75653,199050,17121,582,4275,2589,17154,90,157,84,18555,318,2402,57,10726,7,1622,14,10723,0,144,0,17026,0,1600,10661,1940,2538,28,17352,2622,4,15,10673
141,2436,264,966,10856,3763,38476,167250,10659,330,2625,1607,10690,98,285,13,10852,299,2391,54,10680,7,1635,14,10844,0,94,0,17071,0,1610,10703,4428,4110,32,10692,4242,6,42,17039
142,2426,290,1099,10705,1897,45561,170700,10678,378,2712,1648,10974,204,434,14,10711,321,2399,59,10717,7,1638,14,10937,0,113,0,10834,0,1609,10692,1931,2532,24,17678,4203,7,29,16996
143,2397,525,2070,18081,3849,39815,111450,10995,340,2660,1625,10815,108,166,41,16459,502,3796,94,17060,6,1607,16,10683,0,245,0,10649,0,1615,10711,1727,2470,17,10909,2635,4,13,10731
144,3984,288,1188,10670,1806,45738,119250,10776,320,2614,1604,10649,229,156,40,17082,299,2400,57,10718,26,4172,49,27690,0,95,0,16948,0,2579,17053,4517,4060,54,10676,2625,4,12,10694
145,2386,301,1214,10690,6799,71165,164400,17073,602,4272,2583,17139,105,397,12,10660,294,2395,56,10702,12,3219,28,21377,0,196,0,10675,0,1611,10702,1903,2520,16,17163,2677,4,14,10880
146,2393,296,1187,10699,1856,53295,176400,10657,329,2647,1628,10769,100,159,11,10813,339,2465,58,11034,26,13530,159,83443,0,104,0,61694,0,1607,10674,1857,2534,18,10682,4530,12,49,18145
147,2396,491,1889,17015,3854,40657,291750,10979,651,4277,2428,16369,103,346,89,18480,517,3823,95,17147,12,3233,28,21473,0,105,0,17059,0,2621,17360,1939,2486,15,10677,2623,4,10,10683
148,3795,500,1964,17111,1848,44549,159300,10769,321,2625,1609,10690,96,165,11,10701,509,3822,94,17175,12,989,22,6506,0,241,0,10749,0,1616,10764,1955,2454,24,10882,2719,4,16,11005
149,3808,299,1103,10676,10176,111104,300750,30380,760,5709,3431,22216,234,422,11,10658,313,2465,57,11035,13,3266,28,21722,0,105,0,10695,0,2638,17554,4163,4045,46,10950,2663,4,12,10834
150,2389,300,1198,10707,4579,70555,185700,17914,569,4250,2573,17075,101,160,37,16181,295,2407,59,10758,16,3368,28,22299,0,96,0,17288,0,1785,11743,1950,2773,21,17173,2612,4,10,10644
151,2397,315,1174,10934,3778,38991,135000,10790,312,2620,1609,10677,96,166,39,17147,293,2394,56,10695,26,4249,49,28211,0,100,0,10713,0,1604,10654,23218,23194,388,10814,4300,6,42,17376
152,2444,311,1142,10826,1929,60549,196050,11024,321,2615,1605,10648,540,305,12,10713,321,2731,77,12572,15,3287,28,21892,0,109,0,23335,0,2888,19070,1924,2852,19,94076,4211,6,28,17035
153,2423,498,1689,17270,4436,39872,98550,11782,331,2618,1604,10661,92,158,12,10706,495,3799,94,17067,5,967,22,6373,0,222,0,22655,0,1613,10680,1861,2462,19,10755,2627,4,12,10704
154,3847,313,1196,10825,4879,73587,287850,17158,330,2616,1604,10658,228,1033,91,18655,285,2400,49,10722,16,3252,28,21639,0,94,0,10930,0,2572,17046,4377,4015,50,10637,2621,4,13,10676
155,2420,298,1134,10676,3831,39449,172350,10687,601,4264,2581,17120,91,168,12,10757,311,2426,59,10854,12,973,22,6416,0,793,0,10813,0,1632,10965,2589,2863,30,17102,2628,9,13,10705
156,2389,294,1145,10644,1859,76648,160500,10818,341,2707,1654,11098,90,391,14,10872,327,2402,53,10738,12,3239,29,21546,0,99,0,18392,0,1640,10936,1894,2464,22,11682,4340,8,39,17375
157,2389,496,1830,17052,3767,39678,302400,10737,335,2647,1622,10773,100,156,47,17763,496,3805,92,17065,12,3212,28,21361,0,84,0,10685,0,2596,17161,1887,2483,14,10703,2669,4,12,10853
158,3802,497,1962,17102,1880,44261,165900,10707,320,2626,1610,10700,101,178,43,17419,498,3841,97,17263,24,4175,51,27714,0,427,0,15622,0,1607,10671,1880,2465,22,10709,2669,4,14,10846
159,3806,289,1121,10684,9466,94094,290400,23529,546,4231,2587,17104,209,302,14,10663,322,2458,56,11006,12,3228,28,21421,0,120,0,10688,0,2647,17563,4398,4094,44,11033,2616,4,12,10658
160,2394,305,1174,10707,1779,45311,162150,10693,592,4261,2583,17112,92,170,25,11654,294,2428,54,10852,4,966,25,6360,0,110,0,17065,0,1621,10801,1422,1990,24,17092,2632,10,14,10726
161,2398,291,1166,10690,3823,38738,133500,10657,327,2627,1609,10697,99,353,93,19094,289,2392,53,10686,12,3205,28,21311,0,89,0,56238,0,1604,10652,4355,4122,31,10698,4277,20,41,17167
162,2394,300,1194,10712,1830,45160,134100,10705,330,2621,1607,10678,215,164,14,10850,275,2394,52,10691,12,1034,24,6913,0,93,0,21565,0,1597,10632,1930,2497,16,16979,4218,13,28,17066
163,2399,493,1467,17065,3778,39426,164400,10666,329,2632,1612,10719,93,647,12,11039,527,3799,95,17083,14,3297,29,21983,0,238,0,28370,0,1608,10675,1930,2510,14,10662,2628,4,12,10708
164,3804,289,1144,10690,5172,75740,278700,18090,322,2631,1617,10719,393,165,163,67436,286,2404,54,10730,12,3211,28,21431,0,102,0,27510,0,2564,17025,5269,4443,68,10996,2627,4,17,10697
165,2394,540,1829,20027,3771,40881,174150,10697,635,4361,2627,17452,103,178,43,17120,297,2393,53,10690,26,4250,50,28104,0,200,0,21056,0,1604,10643,1881,2473,14,18459,2628,4,11,10711
166,4123,307,1142,10876,1943,48319,169050,11006,689,6038,3664,22390,91,467,14,10853,284,2402,51,10718,12,3206,29,21310,0,100,0,6449,0,1599,10644,1832,2188,26,10678,4401,6,42,17612
167,2437,1362,5039,45116,3812,55917,700350,10790,320,2614,1604,10647,108,185,14,10665,1270,9151,257,41863,4,963,24,6341,0,96,0,31395,0,6427,40237,2406,2840,26,10735,2757,2,18,11084
168,9531,489,1853,17117,1785,44396,163950,10736,326,2621,1607,10678,254,161,96,19572,505,3807,93,17101,12,3206,28,21312,0,238,0,19654,0,1625,10957,886,2559,24,11739,2662,16,12,10819
169,3810,295,1073,10673,9373,108907,222450,23454,1683,11603,7367,45829,113,330,13,10721,297,2391,52,10682,12,999,21,6716,0,102,0,29502,0,2632,17440,4468,4005,49,10833,2653,15,11,10771
170,2395,280,457,10685,1780,44152,163050,10721,590,4252,2571,17078,96,298,11,10855,293,2390,54,10679,12,3222,28,21397,0,102,0,28024,0,1622,10754,1543,2080,25,17281,2622,4,16,10683
171,2391,297,1138,10684,3823,50089,176850,10793,336,2616,1605,10659,67,166,49,17460,286,2434,54,10897,6,1604,14,10663,0,97,0,21084,0,1610,10690,4413,4605,35,10918,4239,6,39,17033
172,2392,289,935,10678,1844,44780,165600,10751,323,2629,1611,10699,188,152,41,17098,287,2415,56,10792,6,1602,14,10656,0,138,0,7078,0,1597,10639,1839,2443,14,17082,4211,7,31,17035
173,2389,506,1873,17215,3834,38855,96750,10685,324,2623,1607,10676,229,398,14,10661,494,3828,100,17196,6,1635,15,10825,0,241,0,28128,0,1604,10654,2007,2536,14,10610,2618,4,9,10668
174,3827,302,1151,10822,4643,72156,288300,17094,325,2621,1607,10678,79,296,12,10665,293,2424,56,10839,18,2595,36,17232,0,91,0,20705,0,2563,17011,5613,5158,123,11035,2675,4,14,10874
175,2422,310,1148,10916,3783,38650,176550,10731,619,4329,2618,17334,85,317,92,18471,303,2402,54,10727,6,1607,14,10678,0,194,0,27321,0,1604,10657,1908,2532,14,28381,2660,6,16,10817
176,2443,295,1179,10757,1805,45825,281100,10719,335,2655,1625,10802,90,510,20,10706,293,2400,53,10715,6,1609,14,10686,0,112,0,47447,0,2619,17397,1844,2539,20,10699,4252,6,40,17068
177,2408,524,1921,17260,3687,40529,174300,10729,334,2623,1607,10685,67,142,14,10654,512,3802,91,17015,12,2565,37,17011,0,109,0,22632,0,1625,10777,1897,2464,14,10691,2679,4,12,10873
178,3849,495,1926,17572,1771,46396,171750,10688,323,2628,1610,10707,247,320,56,17949,505,3799,91,17046,9,3513,17,21650,0,254,0,6413,0,1599,10651,1858,2541,20,10676,2944,4,22,11910
179,3900,311,1128,10667,9541,96279,267000,23828,588,4318,2625,17401,97,318,45,17895,303,2401,52,10718,18,2579,35,17064,0,116,0,21065,0,2578,17071,4398,4341,46,10679,2696,4,14,10931
180,2394,303,1181,10721,1880,46196,174300,10769,591,4257,2578,17099,185,450,14,10686,281,2397,56,10709,7,1643,14,10916,0,101,0,20773,0,1612,10693,1192,2036,21,17054,2694,10,12,10921
181,2398,284,1128,10654,3818,37168,292350,10733,332,2623,1607,10685,328,292,13,10654,309,2463,54,10996,6,1637,14,10902,0,104,0,27590,0,3337,20765,4241,4408,30,10681,4241,6,40,17044
182,2384,288,1097,10658,1813,65155,172200,10688,328,2621,1607,10678,126,440,89,17355,282,2409,56,10772,6,1629,14,10836,0,100,0,26599,0,1659,11042,1874,2530,19,17033,15930,27,193,61076
183,2384,486,1494,17038,3745,40650,99600,10699,324,2616,1604,10654,189,144,12,10718,498,3793,92,17023,6,1666,14,11241,0,233,0,20674,0,1622,10775,1897,2606,15,10643,2630,4,14,10716
184,3789,136,199,10743,5430,81043,308400,18169,323,2618,1604,10663,185,218,13,10698,284,2394,59,10692,19,2594,36,17220,0,98,0,6400,0,2630,17482,4503,4551,48,11019,2624,4,11,10696
185,2405,298,1087,10727,3718,39558,162900,10686,697,4591,2778,18364,345,207,53,28617,339,2570,65,11679,7,1607,14,10699,0,199,0,40721,0,1622,10782,2012,2573,14,17129,2615,10,14,10650
186,2402,303,1133,10912,1790,46048,282000,10669,334,2640,1619,10744,226,370,41,17238,268,2390,55,10679,6,1607,14,10681,0,93,0,21092,0,2573,17054,1257,2156,39,10686,4272,18,39,17137
187,2437,509,1891,17319,3754,58558,167250,10684,325,2623,1607,10685,291,228,10,11031,491,3801,89,17040,24,7305,79,45342,0,95,0,26073,0,1614,10721,1866,2530,14,11863,2621,10,14,10676
188,3862,470,1822,18181,1829,46670,157650,10654,346,2675,1635,10865,122,1122,14,10685,354,3822,91,17143,8,1610,14,10716,0,230,0,25452,0,1613,10684,1098,2474,20,10844,2634,4,14,10731
189,4041,299,1137,10637,9517,97909,265050,23760,549,4253,2587,17175,194,160,101,18448,577,4784,108,21373,18,2586,35,17134,0,91,0,34526,0,2592,17159,4578,4348,45,10687,2724,4,12,11031
190,2386,292,1144,10716,1827,49271,172200,10794,631,4508,2688,17961,164,235,11,10685,584,4797,106,21429,6,1634,14,10997,0,137,0,14897,0,1602,10647,1851,2447,14,17601,2673,4,15,10861
191,2398,301,1181,10718,3824,39701,160350,10784,335,2666,1634,10836,268,213,12,10719,803,6279,146,28153,10,1817,14,12080,0,107,0,10654,0,1597,10646,3814,4065,30,10896,4247,6,41,17057
192,2398,295,1064,11777,1828,44726,161550,10763,330,2687,1642,11032,184,412,47,16565,607,4876,110,21817,7,1607,14,10686,0,108,0,10721,0,1607,10691,731,2746,18,17320,4208,6,26,17018
193,2592,423,1364,17156,3925,37168,164400,10676,302,2611,1597,10645,716,243,45,17122,788,6198,142,27722,6,1605,14,10687,0,230,0,17024,0,1604,10661,1900,2439,19,10685,2609,4,16,10636
194,3824,284,1069,10604,4726,74371,125250,17098,337,2633,1617,10721,194,374,15,10886,295,2168,44,10421,19,2620,35,17422,0,104,0,17037,0,2641,17618,4494,4439,51,10669,2630,4,13,10718
195,2384,310,1048,10785,3793,39043,173250,10730,595,4268,2582,17138,173,153,12,10675,587,4793,107,21409,6,1651,14,11024,0,220,0,10669,0,1616,10716,1892,2451,14,17582,2625,4,14,10688
196,2411,319,1166,10848,3789,78268,299550,20706,332,2615,1605,10648,250,221,92,18965,564,4782,108,21330,7,1656,14,11048,0,96,0,16017,0,2573,17037,5701,5091,48,10669,4260,12,39,17092
197,2427,715,2721,23725,3805,41512,164400,10718,313,2619,1605,10664,202,214,18,10805,809,6276,146,28169,13,2582,39,17103,0,232,0,10663,0,1609,10678,1894,2402,14,17557,2696,9,14,10938
198,5274,322,1114,10958,1823,44236,169800,10671,332,2623,1610,10685,255,340,15,10697,596,4885,112,21863,6,1609,14,10689,0,98,0,10724,0,1656,11006,712,2453,12,10842,2686,4,16,10927
199,2459,304,1035,10659,35231,333982,290550,100100,545,4208,2572,17018,186,170,111,37148,1073,8088,163,37766,18,2587,33,17110,0,107,0,17243,0,2615,17339,4476,4077,45,10694,2713,4,12,10992
200,2391,290,1102,10688,1794,46858,163650,10724,593,4265,2584,17123,189,384,40,17352,213,1523,40,6940,6,1609,14,10690,0,99,0,17058,0,1785,11731,1908,2396,20,17442,2679,4,12,10866
201,2391,291,1093,10720,6348,83979,176850,22948,398,2689,1645,10924,243,154,15,10693,603,4789,108,21396,7,1641,14,10926,0,98,0,10658,0,1618,10730,11587,11521,155,10904,4263,6,46,17131
202,2400,485,1826,17070,1931,45792,160500,10825,336,2651,1622,10779,183,211,10,10960,602,4865,109,21737,6,1629,14,10849,0,255,0,15577,0,1612,10700,1892,2511,19,45429,4254,13,33,17181
203,3797,304,1122,10678,4933,44520,86550,11688,317,2620,1604,10668,215,255,86,18288,793,6199,149,27792,7,1623,14,10760,0,95,0,10663,0,1608,10673,1872,2543,14,10679,2656,4,15,10796
204,2396,291,1131,10629,4727,72275,307200,17376,346,2635,1620,10750,160,283,14,10733,597,5032,125,22701,18,2580,36,17094,0,105,0,10651,0,2640,17514,3450,3745,73,10643,2630,4,10,10721
205,2384,296,1057,10646,3784,39392,169350,10696,602,4262,2579,17106,176,122,14,10698,783,6277,148,28163,8,1659,14,11009,0,533,0,17353,0,1622,10775,1894,2518,13,21501,2614,4,16,10647
206,2389,303,1160,10630,1903,47023,264300,10703,344,2707,1654,11098,59,253,45,17992,203,1411,39,6374,6,1620,14,10755,0,104,0,46615,0,2607,17385,1922,2465,21,10666,4275,12,42,17163
207,2384,696,2709,23497,3750,64092,175500,10684,322,2635,1616,10720,179,376,44,17045,915,7676,159,36793,11,2572,39,17044,0,243,0,10668,0,1607,10672,1886,2470,14,10694,5229,14,20,21308
208,5231,300,1073,10689,1859,52812,175800,10736,329,2623,1607,10685,100,111,11,10667,627,4967,120,22384,6,1609,14,10690,0,99,0,15861,0,1607,10681,4216,4425,94,10719,5230,8,26,21311
209,2392,287,1011,10681,9590,94993,281250,23511,551,4240,2590,17142,91,137,15,10696,782,6204,149,27772,20,2569,36,17034,0,107,0,10654,0,2585,17116,4450,4394,47,23750,7002,34,55,28325
210,2393,301,1171,10936,1870,46116,186000,10691,607,4267,2584,17132,98,283,88,17577,616,4773,106,21331,8,1772,14,11694,0,104,0,10694,0,1764,11647,790,2200,24,17370,1588,2,17,6354
211,2446,303,1174,10870,3972,36987,161700,10770,329,2634,1617,10728,155,118,11,10687,2556,22042,407,105266,6,1611,14,10701,0,97,0,17045,0,1604,10643,4452,4457,38,10859,5352,8,23,21878
212,2430,491,1792,17008,1894,65736,162600,10698,325,2621,1607,10676,152,258,11,10880,207,1441,39,6526,6,1610,14,10700,0,225,0,17339,0,1604,10650,1840,2466,17,17361,5247,8,22,21380
213,3790,302,1080,10687,4041,39233,79200,10974,353,2616,1604,10654,86,401,44,16597,422,4784,104,21373,7,1614,15,10720,0,90,0,10668,0,1604,10640,1845,2474,15,10601,1645,2,29,6447
214,2401,310,1140,10711,4728,73085,296250,17182,342,2671,1638,10853,78,123,44,17102,301,2388,50,10640,18,2616,34,17374,0,103,0,17662,0,2573,17043,4291,4389,43,10677,5283,20,24,21501
215,2399,291,1054,10651,3702,41336,163800,10682,615,4309,2603,17276,99,112,12,10676,301,2392,58,10688,6,1621,14,10799,0,213,0,10666,0,1604,10643,1903,2447,14,17082,5298,21,21,21558
216,2391,297,1054,10672,1933,48919,287400,10690,349,2667,1636,10841,101,305,12,10905,305,2380,51,10611,6,1606,14,10662,0,105,0,10985,0,2602,17223,1115,2410,13,10719,6882,12,52,27792
217,2396,1355,5740,46666,3943,68184,166650,10666,452,2653,1622,10786,131,126,77,17031,496,3967,103,18022,11,2614,39,17334,0,250,0,17201,0,1641,10906,1875,2522,14,10685,1589,3,17,6354
218,10278,314,1162,10881,4760,85854,172800,17052,327,2618,1604,10661,93,239,12,10687,299,2398,52,10708,6,1617,14,10731,0,91,0,17027,0,1639,10907,1845,2486,18,10681,5245,8,26,21363
219,2436,290,1118,10627,6779,69423,291900,17495,2030,15847,10261,60702,86,385,26,17346,299,2390,55,10679,19,2572,35,17062,0,97,0,17562,0,2626,17463,4427,4420,48,11034,5368,8,22,21921
220,2383,300,1137,10898,1888,44153,162300,10699,605,4256,2578,17086,93,134,41,17074,296,2385,50,10633,7,1609,14,10690,0,110,0,11730,0,1614,10685,1319,2490,22,17387,1636,2,28,6408
221,2434,310,1142,10868,3924,46690,173550,10694,349,2625,1609,10701,175,125,13,10717,508,3882,90,17413,8,1820,14,12026,0,100,0,10685,0,1608,10673,2552,3590,37,10692,5258,8,22,21434
222,2428,488,1364,17062,1870,41803,130350,10696,331,2625,1609,10687,175,294,10,10646,465,3878,94,17425,6,1610,14,10682,0,231,0,16684,0,1617,10720,690,2396,16,17036,5245,8,23,21374
223,3803,297,1035,10685,3965,37807,164100,10711,320,2624,1610,10687,87,104,53,27980,297,2399,54,10721,12,1796,14,11782,0,95,0,10665,0,1607,10671,1925,2503,14,10644,1634,2,30,6410
224,2393,323,1096,11651,4633,72543,281250,17092,342,2677,1641,10882,94,1521,10,10690,301,2449,51,11004,18,2571,35,17063,0,94,0,17597,0,2573,17054,4519,4415,53,10734,5253,13,26,21393
225,2563,304,1074,10668,3746,39005,164550,10693,611,4302,2600,17238,83,389,14,10678,290,2385,54,10657,7,1604,14,10656,0,192,0,17275,0,1604,10643,1742,2496,13,17120,8821,19,68,34461
226,2394,289,1087,10676,2005,47067,1259850,10964,368,2704,1650,10967,97,129,30,17065,286,2382,50,10618,6,1607,14,10681,0,106,0,10656,0,15100,93969,782,2487,22,10710,5252,8,24,21398
227,2390,711,2778,23643,3187,65530,166200,10816,447,2653,1622,10788,147,116,16,10729,476,3789,93,17031,11,2573,38,17059,0,251,0,10707,0,1625,10863,1842,2523,13,10703,6961,22,53,28047
228,5259,305,1071,10827,4798,72188,166500,17059,328,2623,1607,10685,105,280,43,17407,305,2396,51,10696,6,1609,14,10683,0,102,0,39436,0,1615,10715,881,2011,26,10676,5260,20,25,21428
229,2428,309,1076,10943,6753,67306,301650,17629,545,4217,2578,17048,95,120,16,10972,285,2396,56,10704,20,3255,30,21484,0,101,0,11647,0,2691,17941,3876,4399,52,10661,5363,8,24,21780
230,2439,294,1106,10678,1885,45754,147750,10731,590,4307,2603,17388,103,255,12,10643,496,3799,89,17039,7,1643,14,10923,0,97,0,17021,0,1615,10724,3471,4054,48,17887,1634,2,32,6412
231,2391,293,1190,10680,3927,36110,161700,10656,334,2616,1604,10654,133,447,18,10941,301,2391,53,10654,6,1626,14,10823,0,95,0,17084,0,1604,10647,3941,5289,36,17008,5241,8,26,21356
232,2389,512,2006,17439,1801,45736,172650,10698,327,2623,1607,10687,178,126,16,10806,513,3802,91,17087,7,1638,14,10947,0,232,0,10658,0,1640,10897,3962,5003,33,21745,1585,3,17,6336
233,3872,314,1153,10792,3919,37187,66000,11009,332,2616,1604,10656,100,123,47,17079,299,2384,57,10625,6,1616,14,10775,0,96,0,10751,0,1620,10751,2010,1923,34,21661,5257,8,22,21421
234,2417,292,1060,10718,4686,74136,301350,17144,324,2624,1608,10686,97,278,8,10669,307,2463,57,11022,18,2576,35,17104,0,97,0,16816,0,2593,17165,3761,5041,33,6566,7314,16,62,29402
235,2404,298,1173,10709,3763,39380,166200,10717,605,4245,2569,17036,87,113,16,10668,358,2768,77,12772,7,1614,14,10712,0,216,0,10670,0,1646,10945,3722,5015,31,21530,5379,8,25,21835
236,2399,303,1184,10713,1987,48224,284250,10841,343,2671,1633,10853,150,244,66,43681,304,2397,55,10710,6,1609,14,10697,0,88,0,49981,0,2597,17186,6386,7057,70,21312,5247,9,16,21366
237,2401,710,2759,23661,3746,35152,165750,10772,340,2646,1619,10757,155,427,14,10685,504,3806,96,17082,32,10265,96,60737,0,236,0,17380,0,1607,10672,2499,1998,16,27797,1663,2,31,6511
238,5256,317,1181,10968,4455,74806,177000,16991,325,2621,1607,10676,113,124,45,17959,296,2397,54,10708,6,1612,14,10692,0,109,0,10656,0,1614,10691,3921,5006,40,6522,5309,14,16,21570
239,2452,290,1132,10601,6865,72863,298650,17375,717,4271,2606,17235,77,116,19,10908,314,2399,53,10720,20,2662,37,17913,0,102,0,10724,0,2633,17456,5808,7239,108,21882,1586,2,16,6339
240,2377,319,1054,10646,1889,46355,177450,10778,591,4253,2578,17070,106,276,10,10686,427,3852,91,17283,6,1607,15,10686,0,140,0,15768,0,1638,10924,2723,1958,32,32647,5240,8,17,21354
241,2389,300,1104,10690,3779,37152,166200,10683,405,2669,1632,10841,876,118,16,10679,303,2410,58,10772,7,1786,14,11775,0,100,0,10808,0,1619,10753,3652,4870,32,6411,6888,10,53,27798
242,2391,504,1710,17014,1848,67897,163200,10657,328,2645,1620,10762,153,394,12,10664,515,3861,96,17372,9,1771,14,11709,0,253,0,17028,0,1609,10679,3319,4647,34,21366,2610,10,13,10637
243,3792,601,1626,22118,3902,37058,70800,10714,322,2616,1604,10654,96,354,44,17057,279,2421,58,10803,9,2317,14,15413,0,94,0,17160,0,1607,10676,5778,6246,80,21395,2628,4,11,10698
244,4535,302,1140,10706,4758,75809,121800,17137,331,2616,1604,10658,96,132,15,10720,302,2441,58,10927,20,2600,35,17289,0,110,0,10657,0,2600,17182,15620,13534,225,27714,2695,4,14,10936
245,2396,306,1166,10808,3849,38109,162000,10623,853,5627,3295,21645,85,125,17,10687,309,2440,55,10895,7,1634,14,10900,0,217,0,10663,0,1610,10685,2711,5198,43,49931,2649,4,11,10780
246,2417,309,1055,10838,1785,46296,283200,10665,657,5309,3257,21595,86,277,27,16988,309,2417,59,10805,6,1638,14,10897,0,94,0,17605,0,2567,16988,3790,4928,32,21619,4304,24,42,17375
247,2426,695,2744,23477,3238,36899,164400,10686,698,5362,3270,21749,138,110,16,10685,477,3810,101,17118,10,2622,40,17392,0,230,0,10805,0,1607,10674,2564,1909,30,21723,2634,4,12,10729
248,5219,295,1014,10668,18838,185992,157050,46784,226,1602,975,6395,94,247,38,17146,291,2398,54,10710,6,1604,14,10654,0,95,0,17018,0,1594,10604,3022,4925,47,6596,4263,8,31,17344
249,2395,291,1143,10709,6581,67203,300150,17172,995,6892,4192,27822,97,366,16,10678,299,2397,55,10707,18,2575,36,17060,0,99,0,17547,0,2577,17060,1710,4815,34,21756,2614,4,12,10647
250,2397,307,1095,10696,1825,43122,166050,10814,642,5254,3223,21406,99,114,13,10911,509,3806,95,17059,6,1604,15,10657,0,108,0,11720,0,1606,10673,6316,6450,68,21307,2621,4,16,10676
251,2394,289,1124,10637,3903,41319,175200,10704,664,5245,3218,21360,156,131,20,11830,284,2391,55,10687,6,1596,14,10627,0,120,0,10658,0,1604,10661,2432,1945,16,28088,4269,6,39,17141
252,2386,504,1974,17057,3007,65361,103200,20628,281,1636,972,6419,135,287,8,10868,500,3811,95,17130,8,1624,15,10788,0,218,0,17370,0,1632,10801,2911,4803,39,6335,2613,4,13,10655
253,3801,301,1072,10719,3997,38950,66900,10899,646,5246,3216,21354,92,113,49,17218,304,2391,58,10690,6,1627,14,10785,0,85,0,10656,0,1625,10770,2791,4515,39,21323,2630,16,10,10706
254,2399,296,1073,10644,5266,74764,286650,18223,707,5384,3279,21823,96,872,13,10661,302,2398,55,10721,19,2601,36,17253,0,92,0,17523,0,2612,17443,2586,1561,33,21594,2691,9,26,10918
255,2388,292,1085,10690,3259,37508,175200,10679,233,1608,977,6414,95,361,16,10637,280,2392,56,10684,6,1614,14,10685,0,644,0,23761,0,1604,10643,2998,4950,32,6511,2643,4,14,10755
256,2394,307,1174,10711,1880,48873,283950,10726,926,6873,4183,27736,104,115,25,17001,310,2463,58,11024,6,1610,14,10701,0,98,0,17063,0,2607,17422,3137,4950,31,21365,4307,12,48,17400
257,2399,718,2792,24273,3798,40567,167400,10670,759,6474,3853,25442,137,109,16,10678,483,3811,93,17128,14,2721,38,17967,0,230,0,10695,0,1609,10678,5178,6765,59,21362,2616,4,14,10656
258,5385,305,1182,10925,4545,79110,161100,17088,646,5238,3212,21335,106,304,41,17152,293,2393,53,10686,7,1610,14,10701,0,137,0,10710,0,1607,10672,2458,1965,20,27762,4204,7,25,17015
259,2449,302,1177,10788,8827,87053,293850,23832,276,1626,964,6372,87,112,16,10680,291,2442,58,10993,19,2585,35,17115,0,85,0,10685,0,2578,17062,3794,4984,36,6361,2621,4,14,10673
260,2412,289,1115,10686,1822,46183,170700,10693,756,5582,3412,22632,92,237,10,10968,1209,9625,226,45702,6,1604,14,10647,0,111,0,10688,0,1609,10684,6369,6693,65,21424,2631,3,21,10723
261,2394,295,1106,10673,3838,44096,170700,11268,711,5446,3313,22170,133,405,19,10921,286,2389,56,10678,6,1632,14,10877,0,93,0,17095,0,1613,10712,3136,4554,46,28366,4353,12,39,17399
262,2396,496,1867,17422,1804,43458,184350,10780,1197,8837,5687,34518,164,116,14,10685,508,3866,93,17401,7,1623,14,10766,0,238,0,11645,0,1631,10825,3499,5000,31,21723,2640,4,12,10738
263,3864,304,640,10684,4482,37341,61950,11750,965,7113,4303,28622,95,120,47,17113,308,2470,56,11124,6,1612,14,10700,0,89,0,10689,0,1626,10816,1452,1211,42,21884,6007,16,26,22354
264,2398,301,890,10676,4597,74067,310800,17049,649,5270,3238,21453,88,263,16,11968,298,2391,54,10682,18,2589,33,17149,0,94,0,17037,0,2615,17350,3702,4884,38,6497,2622,4,11,10684
265,2398,291,1116,10634,3726,38141,166200,10669,658,5262,3232,21446,84,117,16,10727,296,2389,56,10675,7,1656,14,11029,0,193,0,10700,0,1616,10775,2419,1989,18,21383,2716,6,12,10988
266,2393,293,934,10636,1697,44250,288750,10647,281,1653,984,6474,102,260,32,17020,299,2386,54,10663,6,1618,14,10737,0,95,0,17240,0,2579,17055,2210,4602,50,6350,4271,6,46,17143
267,2386,708,2609,23796,3821,41187,139200,10669,1242,9063,5523,34814,132,426,56,31550,487,3793,96,17053,11,2580,38,17104,0,237,0,10858,0,1604,10647,5165,6922,70,21380,4284,6,30,17277
268,5281,284,1012,10690,4524,71668,175950,17040,709,5274,3230,21472,95,120,12,10716,298,2416,59,10803,18,2583,35,17097,0,97,0,10724,0,1604,10644,3282,5216,83,28168,8804,38,97,34104
269,2394,299,1007,10639,6713,68231,190350,17105,226,1608,978,6424,88,129,12,10684,320,2429,56,10870,6,1602,14,10671,0,95,0,10677,0,2589,17162,1915,2515,14,23825,2620,4,10,10670
270,2387,293,1303,15284,1809,62972,174900,10670,993,6992,4244,28165,100,279,15,10677,511,3860,97,17337,6,1604,14,10654,0,97,0,10651,0,1635,10997,1099,2518,20,10801,2615,4,13,10666
271,3202,622,2116,21498,3966,36832,130500,10686,642,5246,3211,21358,185,122,18,10668,279,2386,58,10661,7,1612,14,10714,0,96,0,17461,0,1607,10685,3379,4020,50,10703,4268,18,40,17115
272,4822,190,763,6379,1848,73796,127200,10693,997,7145,4355,28804,177,340,62,17172,505,3906,91,17575,7,1607,14,10681,0,229,0,10661,0,1609,10695,1869,2425,20,17117,2627,10,13,10704
273,1406,555,2051,21387,4023,37386,37200,11015,640,5251,3222,21384,91,129,11,10892,281,2402,58,10718,19,2721,35,18001,0,98,0,10688,0,1604,10656,3745,4362,29,10670,2633,4,12,10725
274,4788,614,2089,21378,4794,75631,307200,17427,885,6884,4211,27886,110,405,11,10952,298,2392,54,10683,6,1604,14,10650,0,105,0,40323,0,2612,17328,1948,2484,20,17329,2616,4,12,10667
275,4796,2864,10535,110656,3850,39174,122700,10789,293,1693,999,6608,100,118,13,10824,301,2393,57,10692,6,1645,14,10947,0,213,0,10656,0,1617,10740,1897,2776,16,10923,2623,4,10,10689
276,23227,622,2352,21902,1862,44028,696900,10695,695,5352,3271,21738,97,123,31,17060,309,2390,55,10655,10,2594,38,17161,0,108,0,17569,0,7286,45212,5252,5086,64,10717,4244,6,42,17039
277,4897,601,2195,21497,3823,45576,116400,10736,693,5349,3266,21718,126,278,48,17132,473,3800,99,17066,7,1612,14,10710,0,215,0,10656,0,1611,10715,1836,2475,18,22736,4314,9,27,17376
278,4812,193,817,6389,4605,70881,159000,17023,960,6990,4248,28181,93,111,11,10918,287,2390,55,10655,18,2595,36,17162,0,110,0,10668,0,1607,10683,1847,2549,19,10669,2717,4,10,11138
279,1407,586,1496,21449,6585,70966,236700,17178,653,5251,3224,21381,82,334,14,11903,290,2436,59,10895,7,1614,14,10685,0,98,0,10931,0,2705,18163,1915,2795,14,10712,2628,6,13,10710
280,4807,588,2307,21391,1899,48635,387600,10686,969,6840,4187,27744,92,108,14,10716,503,3843,95,17226,7,1607,14,10663,0,97,0,11705,0,3540,23376,1977,2497,18,10649,2622,4,10,10684
281,4790,37,832,6845,3815,36761,197700,10664,591,4259,2580,17098,145,440,12,10672,285,2393,60,10690,6,1594,14,10608,0,110,0,17165,0,3291,21893,4502,4401,47,10981,4513,6,54,18088
282,7789,987,3175,28153,1781,44570,427800,10678,320,2630,1615,10716,162,137,51,18410,506,3810,95,17122,6,1637,14,10875,0,235,0,10658,0,4208,27911,1920,2460,22,17246,2620,4,13,10675
283,4811,610,2100,21499,3765,42043,430200,10702,324,2621,1607,10678,86,129,12,10848,286,2440,59,10918,18,2635,33,17466,0,104,0,10678,0,4259,28300,12219,12654,135,10695,2636,4,10,10736
284,4912,613,2169,22031,4748,70286,468900,17092,317,2621,1607,10676,103,261,11,10707,303,2409,55,10770,11,3686,17,23130,0,105,0,17056,0,3214,21371,1960,2512,19,45322,2615,4,10,10664
285,1422,206,832,6462,4845,87201,116250,22697,347,2619,1605,10664,99,115,15,10986,278,2397,59,10700,6,1604,14,10666,0,156,0,10661,0,978,6436,1914,2534,15,11012,2730,4,11,11046
286,4790,578,1109,21390,1178,93657,309000,21479,586,4253,2574,17079,95,1388,66,35260,303,2392,52,10686,26,7303,76,45268,0,96,0,17177,0,3211,21346,4520,4032,58,10840,4311,6,39,17283
287,4782,583,2241,21355,5542,29458,353100,6364,341,2659,1631,10810,141,110,45,17072,484,3813,99,17144,6,1646,14,10966,0,214,0,10836,0,3216,21364,1892,2467,19,17153,4315,7,31,17454
288,1402,196,785,6329,2726,109733,288600,27816,329,2640,1619,10744,107,403,16,10738,302,2394,53,10698,19,2604,35,17231,0,91,0,10722,0,4343,28730,1294,2303,27,10703,2698,4,12,11052
289,6199,819,2982,27771,8490,87967,343200,21744,316,2626,1610,10700,85,129,12,10685,303,2394,60,10690,6,1597,14,10636,0,79,0,10941,0,4182,27694,1882,2470,14,10716,2718,4,11,11002
290,4777,607,2130,21327,5706,81521,349350,21412,552,4225,2584,17076,98,120,11,10668,513,3799,92,17032,6,1612,14,10695,0,96,0,10723,0,3257,21649,1941,2448,20,10696,2657,4,8,10796
291,4901,621,2245,21915,5629,28033,128850,6405,590,4265,2589,17128,552,283,12,10685,309,2454,60,10988,8,1768,14,11676,0,83,0,17383,0,986,6494,4485,4379,46,10974,4251,6,41,17066
292,1426,198,763,6480,2904,82592,355050,21554,336,2680,1637,10874,163,113,61,17096,512,3860,96,17335,6,1608,14,10680,0,229,0,10721,0,3224,21391,1870,2415,19,17312,2627,4,13,10704
293,4828,555,1478,21571,5552,100641,337200,21432,338,2640,1620,10747,84,325,13,10727,284,2390,60,10680,20,2565,35,17041,0,92,0,10872,0,3249,21542,4341,4329,31,10694,2628,4,13,10701
294,4963,610,2394,22338,5634,185631,466950,49852,326,2633,1617,10726,106,119,13,10825,292,2393,55,10695,6,1607,14,10678,0,95,0,17451,0,4192,27794,1875,2459,21,17010,2616,4,12,10660
295,1401,192,787,6328,22844,119272,472500,27796,329,2621,1608,10676,83,371,12,10795,303,2393,61,10692,6,1602,14,10661,0,156,0,10685,0,4192,27803,1825,2498,15,10659,2623,4,12,10687
296,6218,794,3248,27829,8416,94024,329700,21333,603,4273,2586,17137,98,117,32,16971,312,2432,60,10877,11,2604,38,17216,0,98,0,17110,0,3260,21685,4475,4058,54,10680,4256,23,49,17087
297,4786,564,1745,21365,5646,84052,129300,21729,328,2621,1608,10676,159,171,45,17217,462,3851,99,17301,7,1605,14,10648,0,224,0,10735,0,1047,7004,1871,2478,14,17092,4210,6,28,17034
298,4790,595,2260,21364,5555,28958,338850,6387,316,2627,1609,10697,103,274,12,10867,304,2398,54,10709,18,2637,35,17594,0,91,0,11720,0,3224,21416,1876,2475,15,10669,2630,4,14,10712
299,1413,202,820,6410,2818,88804,223500,21452,356,2699,1644,10941,84,110,10,10810,280,2390,54,10679,6,1643,14,10916,0,91,0,10666,0,3211,21334,1899,2842,13,10668,2722,4,12,11020
300,4789,575,1345,21340,5785,96338,427650,21717,1556,10280,6385,40192,99,289,30,19383,502,3809,94,17072,6,1615,14,10717,0,91,0,10655,0,4183,27750,1833,2407,19,10668,2650,4,14,10785
301,4874,636,2327,21778,5537,32292,440100,6367,607,4271,2591,17152,131,114,12,4122,278,2455,53,10998,6,1599,14,10641,0,105,0,17198,0,4177,27700,4455,4132,50,10647,4261,6,42,17093
302,1419,204,807,6413,2736,104680,256050,28473,974,7312,4042,28144,146,408,65,27776,483,3826,96,17209,7,1648,14,10969,0,230,0,10803,0,3223,21385,1966,2530,19,17458,2647,14,14,10743
303,6211,810,3066,27782,8439,84081,60750,21354,327,2625,1609,10685,83,114,36,21698,284,2386,54,10666,19,2609,35,17322,0,145,0,17111,0,974,6414,4489,4421,32,10712,2675,16,15,10988
304,4783,596,1970,21313,5649,86487,317100,22387,320,2621,1607,10676,91,141,45,27647,302,2460,52,11020,6,1605,14,10648,0,94,0,10654,0,3214,21344,1903,2440,22,17357,2622,4,12,10680
305,4782,602,2346,21359,6364,26966,296700,6375,314,2622,1607,10682,92,273,32,6565,282,2409,55,10782,6,1767,14,11682,0,169,0,10688,0,3270,21764,1846,2480,14,10759,2710,4,13,10967
306,1427,195,809,6486,2811,81799,437550,21348,589,4250,2574,17056,108,141,36,24198,298,2402,57,10737,10,2574,37,17038,0,85,0,17064,0,4204,27908,3089,4010,57,10692,4307,6,44,17256
307,5008,604,1754,22596,5706,102351,1119300,21988,319,2623,1607,10683,122,222,30,21352,508,3818,97,17149,6,1600,14,10665,0,226,0,10651,0,11879,71428,1832,2444,12,17137,4202,6,29,17005
308,4881,585,2358,21785,5820,32994,298350,6329,312,2620,1606,10666,92,282,74,27736,294,2397,53,10713,18,2583,35,17113,0,101,0,10974,0,3205,21316,1865,2468,21,10667,2623,17,14,10685
309,7170,1054,3866,34591,2754,118987,118200,27863,356,2727,1656,11036,82,537,34,21740,300,2389,55,10678,6,1610,14,10706,0,115,0,10801,0,974,6416,1847,2506,14,10654,2629,4,11,10712
310,6214,783,3086,27846,8386,78666,277500,21429,541,4230,2590,17096,101,175,48,27696,1638,12792,276,61234,13,3783,17,23217,0,98,0,10678,0,3219,21379,1872,2475,22,10666,2627,4,12,10705
311,4873,649,2379,21756,5393,119909,144750,21433,593,4256,2580,17088,164,165,36,6921,297,2382,52,10647,7,1618,14,10799,0,96,0,30044,0,1613,10733,4354,4381,45,10964,4405,6,53,17615
312,4807,599,2102,21446,5586,39729,174600,6419,316,2625,1609,10688,140,148,27,21293,510,3798,91,17050,7,1612,14,10703,0,229,0,10648,0,1616,10712,1371,2466,18,17055,2699,4,9,10949
313,1421,203,774,6460,2837,94020,114450,21387,323,2625,1609,10690,86,207,35,21788,299,2392,54,10683,19,2601,34,17181,0,101,0,17221,0,1644,10978,4405,4440,33,10654,2671,4,11,10863
314,4785,560,1441,21371,5678,87191,253650,21365,583,5378,3297,20038,94,359,74,27775,300,2412,54,10796,6,1639,14,11024,0,89,0,10791,0,2632,17441,1862,2437,22,17373,2620,4,14,10680
315,4785,587,2243,21345,5537,28488,169350,6329,358,2702,1646,10955,98,170,23,21421,293,2404,59,10753,7,1605,14,10676,0,944,0,10777,0,1600,10658,1856,2530,13,10740,2620,4,10,10666
316,6395,854,2891,30783,2637,112575,289350,27891,714,4286,2598,17198,108,174,50,27667,289,2382,54,10647,11,2630,38,17433,0,97,0,17129,0,2581,17080,4441,4391,50,10702,4255,8,40,17090
317,3989,528,2086,17963,8577,88215,159150,21827,321,2626,1613,10701,145,184,36,6412,470,3797,94,17077,6,1618,14,10749,0,220,0,10690,0,1598,10630,1859,2488,13,17092,4212,7,29,17041
318,2392,292,1027,10682,5767,84684,309750,21381,316,2630,1612,10712,85,308,26,21417,297,2382,54,10647,18,2642,37,17588,0,105,0,10678,0,2716,17687,1823,2500,18,10666,2607,4,10,10622
319,2398,313,1027,10716,5764,31143,162450,7335,321,2625,1610,10699,87,309,34,21898,302,2393,57,10695,6,1596,14,10627,0,99,0,10674,0,1597,10629,1471,2459,16,10666,2617,4,12,10659
320,2397,309,1023,10707,3499,115883,177900,31598,543,4206,2572,17012,156,140,73,28088,498,3796,93,17029,9,1791,14,11809,0,91,0,10661,0,1615,10711,1812,2458,17,10682,6894,13,8,26656
321,2394,317,1009,10664,7278,93671,67500,21547,594,4261,2584,17111,113,125,29,21444,296,2399,57,10709,8,1620,14,10763,0,96,0,17046,0,1594,10610,4500,4404,46,10654,4270,18,42,17120
322,3789,480,1866,17038,5485,32164,168900,6367,360,2721,1653,11010,162,155,106,48629,507,3798,95,17080,6,1604,14,10647,0,267,0,10649,0,1646,10951,1886,2466,18,17056,2691,4,10,10908
323,2403,305,1145,10703,2736,110197,261450,27909,332,2644,1621,10767,87,158,33,6403,300,2400,58,10716,18,2626,35,17432,0,82,0,17194,0,2612,17280,2955,4402,29,10876,2653,4,11,10786
324,2414,280,1180,10800,7832,81413,170700,21733,316,2618,1606,10659,96,408,33,26193,323,2465,59,11035,6,1618,14,10734,0,86,0,10803,0,1613,10686,1945,2479,22,17290,2627,16,10,10700
325,2403,298,1129,10744,4947,41722,163800,10701,327,2634,1619,10735,89,171,36,21261,297,2411,60,10778,6,1615,14,10722,0,253,0,10719,0,1648,10967,1903,2469,17,10700,2629,4,11,10702
326,3834,523,1907,17221,3832,44227,299250,10668,610,4283,2593,17197,93,142,76,28164,299,2398,56,10716,11,2579,38,17081,0,109,0,17090,0,2607,17249,4473,4358,52,10995,4327,6,43,17330
327,3825,503,1980,17196,1822,67105,169650,17063,332,2629,1614,10701,111,167,10,10740,496,3806,99,17082,7,1597,14,10646,0,204,0,10654,0,1600,10658,1873,2573,18,17258,23887,15,289,93455
328,2395,315,574,10694,6583,52498,289800,10674,320,2625,1613,10695,86,945,16,10719,302,2403,55,10733,18,2590,35,17133,0,112,0,10656,0,2585,17096,1928,2505,20,10654,2623,4,10,10676
329,2389,286,1073,10678,1870,38732,158550,10670,326,2625,1612,10692,146,352,9,10634,297,2391,59,10685,6,1611,14,10688,0,98,0,10649,0,1594,10624,1929,2529,14,10679,2625,4,12,10690
330,2386,292,1079,10668,3764,33312,179700,12321,549,4224,2588,17092,150,159,35,17081,499,3808,95,17078,7,1610,14,10687,0,107,,10788,0,1604,10663,1886,2512,22,10705,2620,4,11,10668
331,2389,281,919,10675,1964,164232,173550,45211,603,4410,2651,17649,86,167,51,17061,305,2403,55,10728,6,1617,14,10733,0,106,,17218,0,1617,10714,4619,4184,48,10677,4265,6,42,17113
332,3788,474,1184,17028,19941,71720,174300,17106,319,2626,1613,10697,94,126,16,10719,507,3810,96,17122,8,1654,14,11027,0,125,,10656,0,1609,10671,1868,2431,18,17069,2628,10,10,10701
333,2388,295,483,10651,4710,37133,253950,11028,323,2619,1605,10664,91,166,16,10676,276,2392,61,10662,18,2617,34,17340,0,75,,58692,0,2570,17055,9296,11078,165,10666,2630,4,10,10705
334,2384,289,1164,10656,3912,46869,176400,10666,528,3018,1845,12283,778,389,23,20828,301,2398,57,10711,9,1685,14,11345,0,127,,11144,0,1607,10676,1905,2540,20,40625,2722,4,12,11017
335,2389,301,1133,10678,1811,39555,168450,10990,383,2730,1661,11058,171,177,11,10621,305,2556,71,11607,6,1621,14,10818,0,62,,10619,0,1649,10995,1980,2565,15,10681,2649,4,12,10774
336,3805,510,1797,17064,4013,45258,301650,10731,619,4307,2604,17264,88,150,58,21575,504,3898,98,17540,27,6401,115,40198,0,88,,17217,0,2627,17357,4620,4095,52,10972,4256,8,44,17089
337,3895,523,1489,17508,1864,71405,171600,17430,323,2628,1611,10696,81,175,14,10709,297,2406,60,10754,7,1615,14,10728,0,151,,10808,0,1610,10680,1929,2504,12,17767,4211,6,27,17029
338,2460,323,628,11003,6778,44367,297300,10777,317,2624,1608,10686,92,272,20,10995,285,2388,55,10673,20,2588,35,17122,0,213,,10722,0,2590,17132,1427,2348,26,10697,2621,4,10,10671
339,2434,319,1139,10886,1872,39822,170400,10704,326,2623,1607,10683,151,348,7,10932,288,2390,56,10650,7,1604,14,10661,0,193,,10646,0,1602,10644,1834,2819,16,10706,2624,4,17,10690
340,2396,317,1090,10704,3775,67297,175350,10657,539,4210,2574,17028,128,168,42,17002,489,3797,94,17022,6,1612,14,10683,0,257,,10661,0,1610,10698,1887,2494,20,10670,2629,4,14,10702
341,2449,323,1081,10984,1806,67713,157050,17056,591,4262,2584,17115,115,178,49,17430,493,3836,100,17251,8,1778,14,11695,0,249,,17086,0,1594,10608,4487,4487,46,10643,4270,6,44,17137
342,3797,490,1848,17058,6537,76566,168900,17166,318,2626,1612,10697,102,148,20,10910,301,2416,58,10810,6,1641,15,10875,0,196,,10661,0,1637,10875,1844,2470,19,17082,2631,4,10,10715
343,2391,305,1150,10682,4763,43199,244500,11010,322,2621,1607,10678,89,241,15,10661,286,2412,59,10778,18,3265,35,21443,0,186,,17543,0,2620,17348,4374,4319,34,10640,2630,4,13,10712
344,2394,291,1138,10692,3787,44447,174600,10777,309,2618,1604,10663,151,497,16,10915,307,2459,59,11010,6,1624,14,10813,0,189,,,0,1617,10716,1838,2527,19,17280,2729,4,10,11053
345,2454,318,1189,10963,1834,39909,158700,10756,322,2631,1617,10719,153,302,9,10874,284,2417,58,10800,6,1597,14,10653,0,293,,,0,1597,10636,1873,2514,16,10767,2651,4,11,10792
346,3816,523,1906,17116,3774,44448,296250,10693,595,4260,2582,17110,101,411,58,17063,505,3898,98,17552,11,2576,38,17036,0,330,,,0,2578,17056,5104,4402,62,10656,4339,17,40,17353
347,3804,499,1847,17071,1856,65177,162450,17063,561,4138,2375,15834,84,162,18,10694,286,2433,56,10870,7,1611,14,10698,0,204,,,0,1594,10617,1901,2551,18,18038,4236,12,32,17124
348,2461,326,1111,11013,6589,48271,229800,10970,322,2634,1615,10719,79,297,20,10693,304,2404,54,10743,19,2578,36,17081,0,151,,,0,2621,17286,1977,2515,18,10702,2667,4,12,10959
349,2417,318,1106,10816,1859,38150,177600,10784,325,2625,1610,10699,140,279,11,10720,282,2395,54,10696,6,1597,14,10638,0,181,,,0,1631,10814,1803,2480,18,10901,2622,4,10,10679
350,2384,288,1166,10656,3802,70514,168750,10715,2693,23929,15049,93561,108,486,40,17023,487,3842,91,17303,6,1612,14,10685,0,187,,,0,1607,10683,1909,2468,23,10811,2623,10,11,10680
351,2398,319,1013,10717,1760,115928,63600,23485,601,4290,2601,17211,105,269,47,17333,501,3900,93,17552,6,1608,14,10678,0,338,,,0,1597,10643,4413,4428,46,10650,4275,6,48,17172
352,3798,498,1652,17061,9499,44315,160500,10664,393,2621,1611,10674,133,422,16,10860,292,2382,54,10649,6,1617,14,10725,0,594,,,0,1615,10719,1813,2396,19,17099,2618,16,10,10656
353,2387,291,1123,10669,1792,53474,280800,10711,325,2616,1606,10651,104,156,11,10690,287,2387,56,10671,18,2577,35,17106,0,184,,,0,2571,17064,4348,4712,34,10647,2627,10,12,10692
354,2386,289,1088,10668,3938,44809,154950,10716,377,2619,1608,10669,149,277,15,10716,291,2393,56,10699,6,1606,14,10649,0,134,,,0,1615,10719,1939,2685,18,17050,2628,4,12,10709
355,2394,299,955,10693,1819,36013,270300,10661,315,2612,1604,10640,95,297,11,10651,272,2396,59,10705,7,1642,14,10921,0,196,,,0,2559,16979,1905,2529,14,10666,2632,4,10,10722
356,12752,1736,6758,60985,3866,71488,605100,17165,707,4391,2633,17530,148,505,59,17087,445,6475,102,29323,10,2595,37,17163,0,183,,,0,6334,38903,4469,4166,47,10646,4261,6,39,17118
357,3808,500,1893,17075,4640,37077,162300,10664,343,2672,1638,10858,102,232,14,10688,301,2395,50,10696,6,1604,14,10654,0,331,,,0,1594,10622,1877,2493,13,17093,4258,6,31,17200
358,2402,302,502,10719,3786,44865,304200,10885,391,2644,1620,10759,75,391,20,10714,293,2384,53,10654,19,2580,35,17086,0,296,,,0,2584,17130,1872,2493,18,10696,2652,4,14,10785
359,2469,332,1133,11051,1884,39537,144150,10778,327,2618,1604,10661,242,151,11,10688,298,2491,53,11203,6,1607,14,10676,0,197,,,0,1630,10971,1884,2821,15,10720,2621,4,12,10678
360,2415,314,1033,10795,3791,70706,180300,10715,622,4231,2584,17101,88,261,37,17418,1152,9563,223,45306,8,1617,14,10710,0,108,,,0,1794,11783,1915,2574,18,10695,2894,9,20,11719
361,2457,329,1132,10967,1857,97481,177450,23453,587,4260,2585,17105,95,269,50,17477,497,3813,93,17121,6,1624,16,10758,0,210,,,0,1637,10921,3973,4108,45,11039,4258,6,41,17085
362,3862,492,1836,17360,9298,44117,174900,10691,382,2626,1609,10694,72,503,16,10877,288,2391,54,10688,6,1612,14,10705,0,183,,,0,1641,10880,2211,2611,41,17207,2623,4,10,10676
363,2397,297,1031,10696,1733,40663,287550,10685,319,2616,1604,10654,545,278,11,10671,270,2381,54,10615,18,2595,36,17194,0,326,,,0,2589,17172,4360,4713,28,19294,2629,4,10,10713
364,2387,287,1117,10669,3832,45736,179250,11011,374,2617,1600,10668,115,1198,15,10670,283,2389,54,10676,7,1635,14,10844,0,288,,,0,1652,10975,1915,2643,24,17336,2676,4,10,10860
365,2379,289,1125,10610,1934,40612,282450,10786,323,2618,1604,10663,92,151,11,10806,322,2631,65,11986,6,1638,14,10894,,326,,,0,2609,17322,1863,2494,14,10805,2649,4,11,10772
366,3969,527,2007,17998,3766,75454,177900,17052,660,4257,2579,17093,84,471,51,17195,504,3825,95,17213,12,2586,36,17091,,235,,,0,1631,10834,4565,4137,55,10697,5518,6,46,21364
367,3877,517,1974,17452,4732,40810,170850,10724,325,2629,1610,10702,88,305,19,11375,277,2380,54,10640,7,1656,14,11012,,89,,,0,1647,10936,963,2412,18,17228,4286,7,27,17295
368,2405,310,1105,10754,3634,44573,314550,10701,888,6895,4077,25170,77,509,20,10873,297,2390,52,10684,20,2607,35,17256,,116,,,0,2680,17879,1854,2496,20,10679,2643,4,10,10750
369,2398,309,1135,10681,1818,38255,169950,10729,368,2720,1651,11009,129,176,12,10649,317,2432,56,10886,14,3222,28,21391,,103,,,0,1604,10656,1841,2463,13,10698,2614,4,15,10651
370,2411,298,1091,10770,3781,72671,160200,11021,617,4261,2603,17208,98,112,44,17394,500,3827,93,17175,14,3222,28,21398,,89,,,0,1607,10682,1905,2466,22,10659,2615,15,9,10655
371,2395,303,1298,10690,2065,100847,159750,24006,593,4256,2577,17085,100,136,51,17145,487,3792,96,17028,25,4199,49,27836,,230,,,0,1599,10651,4484,4493,42,10698,4259,18,44,17093
372,3799,490,1901,17077,9511,44618,176850,10693,376,2620,1606,10666,86,268,15,10704,559,8006,104,36876,16,5581,32,35595,,92,,,0,1620,10732,1879,2380,22,17063,2633,4,12,10723
373,2399,296,608,10697,1792,37989,291750,10661,328,2616,1604,10654,135,302,15,11032,271,2404,51,10725,4,966,24,6363,,206,,,0,3362,22367,4340,4644,32,10654,2625,4,22,10694
374,2419,310,1172,10824,3916,44200,179700,10640,373,2612,1598,10644,129,93,16,10841,305,2399,55,10722,12,3259,28,21685,,93,,,0,1631,10801,1997,2560,21,17347,2629,4,9,10704
375,2413,304,1132,10785,1807,38057,297150,10668,339,2630,1615,10726,105,144,11,10669,284,2381,56,10615,12,973,19,6410,,96,,,0,2565,16982,1871,2464,14,10797,2619,4,14,10664
376,3821,522,1847,17138,3848,72451,172350,17024,716,4362,2625,17438,73,236,48,17059,505,3806,93,17094,14,3226,28,21407,,239,,,0,1609,10681,4454,4413,50,10660,4257,6,40,17088
377,3808,513,1826,17059,4621,38269,176250,10692,376,2649,1628,10781,141,138,11,10690,288,2391,53,10685,13,3217,28,21404,,92,,,0,1615,10711,1887,2461,13,17076,11445,27,81,45158
378,2395,316,968,10694,3759,47954,290100,10689,386,2633,1613,10720,89,407,17,10702,306,2390,54,10658,26,4197,49,27866,,87,,,0,2768,18211,1906,2549,21,10654,2628,4,10,10700
379,3315,369,1231,15820,1830,39052,172950,10658,384,2717,1651,10998,246,155,11,10704,291,2395,54,10674,13,3265,28,21713,,111,,,0,1604,10661,1882,2803,13,10650,2721,4,14,11012
380,2393,289,1047,10697,3816,42783,173400,10902,615,4250,2602,17167,178,155,148,56935,500,3804,94,17053,4,966,24,6370,,99,,,0,1620,10725,1902,2497,20,10687,2623,10,11,10674
381,3260,367,1217,15621,1869,197982,67200,46574,593,4262,2586,17109,248,156,57,17591,488,3875,95,17417,12,3274,28,21764,,218,,,0,1617,10714,4293,4371,45,10654,4277,6,43,17177
382,3847,488,1901,17339,21507,43937,167250,10648,392,2622,1612,10685,194,275,16,10670,316,2415,56,10805,12,973,21,6409,,105,,,0,1612,10700,1891,2460,20,17121,2635,4,11,10727
383,2398,297,743,10718,1854,38621,249150,10698,329,2628,1615,10709,178,351,9,10935,266,2384,53,10654,13,3229,28,21442,,202,,,0,2573,17077,4516,4503,38,10679,2630,4,12,10715
384,2585,340,1232,11764,3714,44713,164100,10673,371,2611,1602,10646,203,131,16,10836,293,2391,53,10685,14,3221,28,21379,,92,,,0,1612,10709,1846,2523,23,17019,2635,4,10,10729
385,2404,303,1089,10749,1885,43834,308550,11663,333,2631,1614,10715,199,124,17,10700,291,2419,53,10821,25,4177,49,27730,,97,,,0,2638,17523,1927,2503,15,10647,2614,4,8,10654
386,3821,509,2030,17142,4508,74499,168150,17135,675,4263,2581,17121,262,113,53,17445,505,3829,93,17216,14,3211,28,21345,,237,,,0,1636,10865,4363,4318,50,10851,4260,6,41,17106
387,3870,510,1773,17356,4710,39505,191700,10693,321,2622,1608,10668,181,156,11,10785,266,2388,56,10670,29,13369,158,82410,,110,,,0,1605,10672,1972,2532,16,17425,4287,6,27,17302
388,2461,302,777,11069,3832,45940,390150,11152,387,2632,1613,10717,205,324,14,10693,311,2402,54,10728,15,3217,28,21375,,109,,,0,2764,18191,1740,2376,29,10812,2641,10,11,10739
389,2385,305,1072,10655,1874,39251,167700,10753,326,2616,1604,10654,207,131,7,10690,288,2393,54,10692,12,1034,22,6916,,109,,,0,1610,10707,1895,2529,14,10693,2710,4,12,10967
390,2408,304,1179,10747,3795,43934,175800,10674,585,4197,2563,16978,177,111,34,17013,491,3797,92,17024,15,3257,28,21668,,93,,,0,1610,10698,1934,2476,18,10701,2617,4,11,10657
391,2404,305,1150,10730,1887,113909,166650,23473,589,4256,2581,17087,222,166,56,17124,416,3812,93,17126,12,3255,28,21768,,239,,,0,1796,11823,4466,4165,44,10717,4416,6,47,17670
392,3821,523,1951,17163,9451,44414,167250,10658,413,2670,1633,10850,181,274,15,10692,293,2389,54,10676,27,4190,51,27808,,101,,,0,1644,10940,18596,23139,400,17083,2617,4,8,10668
393,2393,302,647,10665,1768,68053,279450,20513,330,2644,1620,10761,197,357,11,10750,187,2389,53,10675,12,3281,29,21838,,756,,,0,2579,17070,3591,4927,55,94065,2624,4,9,10686
394,2395,299,1191,10706,6261,45506,169950,10813,410,2622,1608,10685,236,105,15,10692,306,2442,55,10927,11,2594,38,17355,,211,,,0,1600,10658,1891,2593,26,20976,2606,4,7,10624
395,2393,295,1078,10660,1837,36616,276000,10685,331,2621,1607,10678,182,155,11,10700,265,2405,55,10757,8,1612,14,10722,,100,,,0,2565,16989,1895,2525,14,10664,2624,4,12,10695
396,7406,1009,3476,34988,3881,72932,167400,17102,662,4261,2576,17097,744,102,50,17305,490,3818,97,17169,18,2580,33,17080,,238,,,0,1605,10677,4380,3944,56,10951,4255,18,47,17086
397,2416,295,1077,10784,4798,41150,176700,10993,353,2701,1650,10958,233,140,16,19782,293,2408,60,10754,7,1607,14,10679,,94,,,0,1604,10656,1908,2510,14,17215,4206,11,27,17011
398,2409,318,1075,10748,3778,43458,235650,10678,409,2655,1625,10802,146,317,16,10714,303,2437,57,10905,8,3693,17,23519,,93,,,0,2613,17255,797,1809,9,10650,2636,4,10,10745
399,2384,283,1194,10656,1848,39683,176400,10714,327,2682,1641,11024,238,155,31,17030,276,2401,55,10737,9,1648,14,10981,,104,,,0,1636,10822,1898,2809,17,10692,2629,4,10,10705
400,2391,288,1086,10689,3779,86954,162600,18066,1574,11472,7300,45276,99,105,15,10704,492,3802,95,17056,6,1629,15,10792,,139,,,0,1608,10676,1545,2490,16,10654,2877,4,23,11691
401,3792,526,1842,16991,5095,75324,173550,17156,652,4372,2635,17486,85,146,51,17071,485,3808,96,17107,19,2581,35,17116,,232,,,0,1612,10692,4477,4446,43,10686,4264,6,43,17118
402,2387,288,1068,10664,6591,43559,171600,10688,392,2633,1616,10715,91,278,17,10694,289,2390,56,10681,6,1613,14,10693,,100,,,0,1597,10636,4441,4203,36,17088,2663,15,12,10826
403,2391,294,1145,10687,1743,38970,298350,10704,328,2622,1608,10679,124,351,11,10675,292,2394,53,10692,7,1607,14,10678,,201,,,0,2584,17105,1879,2673,15,17046,2644,10,9,10756
404,2387,295,1166,10662,3804,44964,156900,10688,417,2720,1654,11007,129,101,12,10631,300,2398,58,10715,10,2575,38,17033,,105,,,0,1599,10649,846,1846,12,10683,2626,4,12,10697
405,5106,692,2278,25114,1934,43039,693450,11008,340,2653,1628,10798,88,158,12,10663,288,2438,59,10898,7,1607,14,10678,,95,,,0,6394,40147,1851,2449,14,10699,2616,4,11,10654
406,11216,1600,5594,52984,3860,70905,163350,17226,672,4286,2598,17198,90,102,50,17499,507,3841,98,17268,18,2631,35,17433,,201,,,0,1641,10900,3441,3426,46,10667,4239,6,40,17033
407,2409,310,1150,10767,4806,38720,163650,10705,375,2629,1615,10714,185,168,12,10822,284,2400,56,10734,7,1618,14,10743,,96,,,0,1610,10712,1928,2552,16,17316,4190,7,29,16950
408,2442,322,1103,10917,3777,44999,293700,10668,379,2630,1612,10717,92,262,11,10683,583,4633,116,22511,6,1612,14,10690,,97,,,0,2595,17146,774,1782,13,10978,2710,4,8,10973
409,2422,314,1127,10804,1826,39193,168900,10729,332,2621,1607,10678,118,176,31,17002,289,2384,54,10654,7,1607,14,10678,,109,,,0,1617,10724,1905,2445,18,10763,2642,4,12,10754
410,2467,312,1191,11041,3825,86874,141150,17296,602,4212,2575,17038,97,117,16,10685,1115,8844,238,40224,7,1612,14,10692,,104,,,0,1660,11035,1886,2496,19,10654,2868,4,22,11644
411,3883,508,1958,17458,4521,68590,167400,17230,600,4450,2667,17903,96,135,,,484,3808,91,17079,19,2574,34,17071,,220,,,0,1647,10934,5876,5696,63,10662,4270,6,40,17140
412,2402,299,1190,10736,6733,47226,154650,10691,369,2621,1607,10678,94,256,,,287,2384,53,10654,6,1658,14,11024,,91,,,0,1634,10891,3232,3448,26,22312,2713,4,12,10994
413,2384,287,755,10651,1851,35742,287550,10656,329,2629,1612,10713,124,315,,,303,2395,57,10692,8,1651,14,10998,,190,,,0,2626,17420,1249,1962,18,16995,2661,4,10,10811
414,2399,297,1101,10722,3973,46196,142050,10672,379,2619,1607,10671,169,112,,,301,2384,54,10656,13,2589,38,17157,,94,,,0,1604,10654,715,2438,10,10656,2712,6,9,10981
415,2391,298,1090,10683,1917,41805,289050,10974,589,3094,1900,12506,94,178,,,151,2379,51,10610,8,1606,14,10679,,233,,,0,2603,17246,1845,2491,14,10656,2647,4,17,10770
416,5218,698,2717,23444,3837,77694,160350,17169,665,4243,2571,17036,95,103,,,810,6244,144,28060,18,2581,34,17076,,108,,,0,1647,10934,3264,4359,46,10717,4243,6,41,17043
417,2391,300,1133,10682,4914,38152,171000,11671,349,2670,1633,10852,92,152,,,657,5070,121,22894,7,1610,14,10689,,128,,,0,1643,10892,1836,2518,14,17574,4201,7,28,16991
418,2445,308,450,10938,4336,43250,299250,10666,409,2648,1625,10774,103,252,,,690,6192,148,27733,6,1632,14,10976,,194,,,0,2650,17562,1891,2512,19,10707,2665,4,8,10951
419,2408,297,1128,10767,1756,41082,169800,10666,327,2623,1607,10683,132,168,,,218,1412,38,6410,7,1604,14,10656,,83,,,0,1652,10959,1881,2850,12,10709,2623,4,11,10685
420,2384,302,1067,10656,3777,128955,160800,31080,633,4244,2599,17158,99,126,,,517,4779,103,21346,7,1604,14,10656,,232,,,0,1602,10669,762,2423,17,10998,2627,16,4,10696
421,3808,494,1968,17122,6507,73859,176550,17142,593,4260,2586,17102,86,148,,,604,4787,105,21386,20,2570,36,17043,,92,,,0,1617,10734,3412,4021,55,10810,4275,12,43,17155
422,2391,289,1160,10681,6663,46448,164400,10718,387,2624,1612,10690,107,1619,,,822,6325,147,28436,7,1632,14,10836,,102,,,0,1614,10718,4402,4546,41,17229,2619,4,7,10676
423,2390,299,1165,10686,1841,39104,280500,10684,316,2625,1613,10691,145,339,,,614,4898,110,21928,6,1621,14,10771,,222,,,0,2641,17602,1876,2552,15,17040,2626,4,10,10693
424,2400,310,1173,10721,3717,43077,181500,10666,404,2624,1613,10691,174,93,,,201,1406,39,6345,12,2607,38,17389,,98,,,0,1639,10838,696,2344,30,10685,2711,4,9,10974
425,2391,298,1178,10687,1803,38266,279600,10686,326,2625,1612,10696,94,181,,,580,4821,104,21625,7,1606,14,10666,,222,,,0,2575,17043,1829,2433,14,10685,2643,4,12,10748
426,5223,696,2595,23454,3783,75020,160350,17051,657,4229,2558,16986,92,145,,,216,1524,40,6949,18,2588,36,17131,,101,,,0,1599,10648,3187,4027,50,10688,4307,6,40,17398
427,2384,295,1100,10654,4672,40027,161100,11019,332,2625,1611,10690,88,152,,,612,4833,106,21668,6,1609,14,10690,,89,,,0,1607,10669,1867,2539,14,17118,15994,28,191,61111
428,2404,325,1100,10737,3965,45846,279150,10768,381,2617,1605,10655,89,272,,,610,4803,109,21412,8,1817,14,12064,,90,,,0,2588,17129,734,2479,26,10679,2615,4,10,10650
429,2384,308,1026,10656,1798,38731,183750,10683,353,2667,1636,10843,127,158,,,787,6176,147,27697,7,1632,14,10971,,106,,,0,1783,11722,1921,2521,14,10686,2694,4,11,10917
430,2388,286,1159,10668,3714,86559,163200,18285,641,4255,2598,17184,104,117,,,598,4779,107,21323,6,1602,14,10653,,220,,,0,1630,10970,712,2423,17,10727,2622,6,10,10679
431,3841,451,1804,17280,5007,71105,161400,17226,604,4261,2585,17109,85,148,,,194,1404,39,6336,18,2570,34,17033,,140,,,0,1609,10677,4540,4140,46,10680,4504,7,63,18049
432,2414,314,1202,10792,6609,44664,170550,10719,393,2620,1607,10675,94,255,,,538,4846,109,21684,6,1602,14,10653,,93,,,0,1609,10670,4294,4425,42,17260,2623,8,16,10686
433,2405,286,596,10729,1858,42326,129300,10752,328,2631,1620,10723,123,341,,,205,1418,40,6436,7,1606,14,10659,,219,,,0,2610,17291,1918,2794,14,17160,2622,4,12,10679
434,2388,307,1034,10668,3861,45255,149100,10696,449,2869,1764,11653,176,128,,,592,4826,105,21572,28,7386,76,45882,,92,,,0,1638,10917,1382,2078,18,10784,2700,4,8,10933
435,2394,291,1084,10692,1792,43662,292050,11662,639,5826,3551,21547,95,148,,,595,4789,108,21370,7,1609,14,10681,,237,,,0,2581,17061,1919,2525,15,10753,2635,4,12,10724
436,5409,739,2824,24515,4402,72603,164700,17046,688,4243,2568,17041,94,116,,,1125,8381,188,39656,18,2593,37,17123,,102,,,0,1597,10630,4379,4439,42,10655,4241,6,48,17033
437,2382,297,1103,10651,4576,40598,155550,11015,463,2652,1628,10779,84,156,,,627,4877,111,21815,8,1615,14,10707,,106,,,0,1610,10697,1981,2527,16,17119,4213,7,21,17047
438,2451,312,783,10958,3919,41153,292050,10754,411,2641,1619,10745,104,280,,,196,1404,39,6336,7,1615,14,10714,,116,,,0,2580,17084,1468,2463,14,10865,5247,14,26,21366
439,2425,296,1128,10846,1801,42623,168600,10950,354,2663,1633,10828,222,297,,,646,5032,116,22661,6,1599,14,10646,,108,,,0,1610,10697,1882,2484,18,10738,5250,14,19,21386
440,2395,290,1163,10693,3817,325914,172650,93163,618,4230,2583,17097,114,103,,,206,1421,41,6440,6,1614,14,10697,,231,,,0,1612,10683,639,2382,14,10648,1637,2,30,6409
441,3899,513,1835,17504,31215,67027,163650,17139,610,4255,2579,17075,88,287,,,602,4796,104,21355,20,3962,35,26124,,93,,,0,1604,10654,4457,4424,49,10682,5249,8,18,21381
442,2414,302,1164,10798,6577,46155,144750,10977,389,2621,1609,10679,91,132,,,619,4856,111,21725,8,1762,14,11628,,92,,,0,1602,10653,12415,12858,127,17149,5257,15,21,21411
443,2391,292,520,10651,1792,38404,241500,10647,345,2628,1614,10711,133,316,,,782,6187,141,27738,8,1599,14,10646,,542,,,0,2594,17372,1949,2499,18,45522,6960,28,53,28062
444,2393,290,1097,10697,3722,36091,163800,10660,384,2617,1604,10657,155,128,,,602,4793,110,21369,11,2575,38,17053,,87,,,0,1607,10678,915,2552,25,10772,1584,3,16,6334
445,2401,304,1079,10723,3507,42412,294000,11957,339,2628,1614,10711,85,158,,,188,1410,39,6357,6,1610,14,10703,,245,,,0,2630,17439,1851,2531,14,10772,5279,8,18,21472
446,5213,684,2701,23424,4415,66190,182850,17028,667,4244,2568,17032,110,101,,,522,4780,106,21326,20,2579,35,17070,,130,,,0,1638,10883,3407,3856,57,10712,5680,8,30,22981
447,2394,300,1159,10692,6594,38894,169950,10698,341,2628,1614,10711,97,143,,,522,3800,88,17028,8,1793,13,11796,,96,,,0,1617,10722,3713,4959,38,17081,1639,6,27,6418
448,2397,318,463,10703,3741,41026,114000,10658,385,2616,1604,10654,97,274,,,291,2392,53,10683,6,1627,14,10800,,93,,,0,2646,17602,4435,5357,53,21410,5238,26,22,21319
449,2384,287,1092,10656,3688,39400,165450,10712,334,2621,1609,10679,240,167,,,336,2576,63,11701,7,1604,14,10670,,97,,,0,1619,10724,6333,6991,73,22385,5241,8,18,21348
450,2438,259,1096,10969,3763,86110,158850,17393,2034,15628,10186,59959,95,102,,,293,2389,52,10644,7,1613,14,10709,,222,,,0,1605,10675,2529,1616,14,28350,1627,2,28,6382
451,3804,519,1773,17097,6547,67834,164100,17697,602,4253,2577,17076,76,291,,,305,2459,50,10953,19,2610,35,17424,,108,,,0,1612,10690,3808,5370,36,6441,6826,11,33,27695
452,2386,298,935,10663,6871,49822,156900,15916,404,2651,1627,10780,99,93,,,534,4032,104,18326,6,1612,14,10722,,102,,,0,1594,10608,3904,5087,38,21317,5334,8,17,21659
453,2393,301,528,10697,3850,39183,135000,10657,349,2688,1641,10904,773,,,,305,2393,50,10634,9,1615,14,10710,,203,,,0,2632,17428,2061,1463,47,21705,6881,10,53,27770
454,2420,306,1206,10828,3751,34434,169050,10673,393,2639,1623,10744,178,,,,304,2450,54,10974,10,2575,37,17063,,96,,,0,1659,11156,3694,5014,43,6474,5491,8,35,22337
455,2408,261,1036,10769,3718,39558,278250,10691,324,2618,1604,10661,82,,,,2399,19408,356,93592,7,1656,14,10999,,216,,,0,2594,17381,3718,5049,36,21363,5299,8,17,21688
456,10351,1364,5463,47105,3751,67059,168300,17030,699,4337,2614,17365,106,,,,297,2386,52,10668,19,2604,36,17231,,93,,,0,1615,10714,6251,6978,67,21395,1683,2,29,6580
457,2423,312,1164,10888,6600,41912,165450,10708,337,2648,1620,10770,112,,,,330,3803,87,17080,7,1814,13,11926,,93,,,0,1604,10654,2544,1945,17,27667,6904,10,36,27937
458,2400,296,987,10714,3725,40786,292950,10670,882,6670,4015,24886,98,,,,301,2396,53,10699,7,1622,14,10775,,89,,,0,2619,17394,3696,5144,38,6372,5344,8,19,21703
459,2407,290,1004,10761,3702,44471,171450,10707,356,2700,1644,10944,240,,,,314,2400,54,10691,7,1656,14,10999,,91,,,0,1631,10816,3101,4667,46,21377,9902,28,67,39570
460,2440,321,1116,10929,3646,75581,143400,17426,624,4241,2588,17140,100,,,,306,2394,54,10697,8,1622,14,10772,,258,,,0,1605,10655,2541,1977,31,21648,5257,8,20,21414
461,3850,492,1736,17312,5905,83835,171150,17421,602,4264,2583,17120,76,,,,310,2461,54,10960,18,2578,34,17059,,105,,,0,1605,10655,3936,5016,37,6406,5253,8,24,21404
462,2422,295,1131,10843,6504,43186,145800,10660,378,2624,1612,10688,91,,,,469,3846,91,17277,6,1607,14,10678,,105,,,0,1627,10771,2819,4710,47,21887,1633,2,31,6410
463,2408,295,412,10772,3668,40806,119550,10648,328,2624,1607,10686,118,,,,307,2396,53,10643,11,2566,38,16980,,198,,,0,2572,17039,5901,6666,87,21349,14107,31,97,56009
464,2421,304,1202,10827,3710,39962,91050,10632,426,2700,1644,10942,149,,,,305,2396,53,10712,7,1606,14,10687,,92,,,0,1607,10678,2423,1922,18,28619,5246,8,20,21365
465,2436,308,1084,10856,3696,41174,1245300,10724,461,3172,1958,12794,85,,,,488,3800,91,17011,8,1612,14,10688,,256,,,0,14972,93085,2686,4753,39,6347,6891,10,50,27817
466,5258,718,2736,23624,3848,73811,163200,18005,655,4254,2574,17082,95,,,,291,2390,51,10676,18,2655,37,17652,,106,,,0,1627,10879,3101,4976,56,21383,5342,14,20,21701
467,2398,306,1000,10706,7204,40831,179100,10657,548,5071,2885,18865,84,,,,509,3833,94,17173,8,1617,14,10720,,138,,,0,1630,10822,2541,1919,31,21385,5256,8,24,21413
468,2398,320,1025,10716,3807,30241,296700,10661,384,2615,1604,10650,96,,,,307,2407,56,10754,8,1615,14,10708,,94,,,0,2629,17420,5873,6597,110,6408,1634,2,30,6413
469,2395,310,934,10667,3414,40181,169200,10659,324,2622,1607,10679,228,,,,307,2397,53,10653,8,1649,14,10989,,94,,,0,1641,10918,2705,4787,36,42175,6832,10,36,27725
470,2389,303,1150,10676,3729,86920,174750,17139,590,4210,2580,17035,181,,,,340,2567,63,11661,7,1620,14,10756,,234,,,0,1634,10851,5763,6719,127,21386,2612,4,10,10644
471,3798,491,1811,17015,6574,70633,168000,17094,600,4258,2580,17094,86,,,,313,2588,64,11766,18,2593,31,17165,,92,,,0,1606,10677,2348,1937,21,33923,2630,4,12,10715
472,2409,308,1188,10755,6647,40325,114000,10821,360,2616,1605,10651,149,,,,504,3807,92,17101,6,1609,14,10684,,96,,,0,1604,10651,3788,5386,35,6340,2625,4,10,10690
473,2393,286,380,10664,3899,39737,135750,10847,757,5338,3258,21671,96,,,,308,2468,55,11009,11,2579,38,17061,,210,,,0,2632,17466,3581,5067,42,21367,4363,6,40,17448
474,2400,309,1182,10721,3802,40763,162450,10792,709,5261,3224,21419,149,,,,308,2439,56,10920,7,1610,14,10703,,101,,,0,1641,10894,1288,1559,30,21311,2647,4,14,10769
475,3840,492,1834,17219,3772,40083,389250,10659,274,1626,964,6376,89,,,,494,3845,95,17241,23,2645,30,17525,,231,,,0,3528,23073,3909,5003,38,6415,2627,4,12,10698
476,3940,526,1950,17744,3682,68622,168750,17056,702,5242,3217,21343,92,,,,293,2405,54,10748,7,1620,14,10756,,94,,,0,1597,10629,3660,4945,44,21707,2712,4,9,10981
477,2448,312,1166,10919,6618,41623,180000,10690,959,6868,4201,27818,83,,,,512,3818,89,17091,7,1617,14,10720,,68,,,0,1610,10704,2593,1918,30,21792,2943,4,23,11890
478,2396,302,326,10708,3772,48576,275400,10684,1018,7015,4251,28224,95,,,,301,2397,52,10678,9,1755,14,11601,,95,,,0,2570,17037,3688,5065,38,6473,4255,19,45,17083
479,2396,301,914,10703,3856,39117,167400,10667,719,5243,3218,21361,287,,,,305,2390,52,10624,6,1615,14,10708,,104,,,0,1604,10667,16428,14385,254,21484,4257,15,28,17314
480,2448,317,1193,10950,3771,65342,181950,17042,723,5254,3219,21400,104,,,,300,2397,53,10705,20,2575,34,17076,,230,,,0,1638,10939,3690,5116,34,50426,2605,4,14,10617
481,3869,512,1983,17399,6170,77109,168900,17103,257,1615,954,6335,82,,,,300,2390,54,10660,8,1615,14,10708,,140,,,0,1638,10827,7128,7282,78,21495,2624,4,12,10687
482,2396,307,1233,10712,6404,36714,171750,10675,746,5308,3253,21592,150,,,,503,3789,92,17011,7,1644,14,10928,,98,,,0,1612,10699,3817,5057,36,29289,2622,4,12,10677
483,2387,301,869,10637,3604,39833,120450,10815,941,6860,4195,27820,73,,,,307,2460,54,11005,36,10372,96,61208,,205,,,0,2583,17116,3799,5073,40,21402,4267,6,44,17126
484,2417,317,1097,10820,3751,35522,97200,10820,262,1774,1027,6908,,,,,348,2594,65,11797,6,1608,14,10673,,101,,,0,1607,10680,2528,1893,29,21367,2626,16,14,10690
485,3847,511,1933,17260,3255,43037,268050,11659,722,5250,3219,21387,,,,,510,3864,92,17323,18,2584,35,17116,,251,,,0,2570,17006,3918,5071,34,6372,2626,10,14,10700
486,3821,503,1905,17131,4431,63320,163050,17084,726,5241,3211,21348,,,,,307,2435,56,10902,7,1612,14,10704,,108,,,0,1607,10678,2545,1981,19,21334,2709,4,13,10969
487,2394,289,1294,10691,6720,41862,166200,10661,968,6869,4178,27735,,,,,509,3795,89,17009,6,1610,14,10700,,107,,,0,1607,10676,3860,5209,35,6515,2646,4,14,10766
488,2444,304,1149,10924,3739,37584,434550,10649,888,6516,3878,25589,,,,,296,2389,52,10680,7,1636,14,11010,,98,,,0,4529,28146,8291,8396,123,21601,4238,6,44,17028
489,2419,305,1202,10814,3787,37295,180450,10648,1966,14215,8955,56327,,,,,328,2568,65,11669,6,1614,14,10707,,97,,,0,1607,10683,2934,4580,45,39505,4227,6,27,17114
490,2433,312,994,10889,3772,177948,144750,45659,273,1675,986,6542,,,,,301,2397,54,10701,18,2577,35,17065,,241,,,0,1607,10669,1540,2064,30,21378,2624,4,12,10684
491,3876,510,1766,17427,20558,80336,167400,17345,743,5313,3254,21605,,,,,304,2395,51,10687,7,1611,15,10681,,96,,,0,1764,11661,1834,2488,20,10724,2620,4,12,10676
492,2393,300,1097,10697,6662,41317,133350,10800,770,5323,3260,21636,,,,,498,3803,87,17079,6,1610,14,10682,,91,,,0,1617,10708,4529,4602,50,10680,2624,4,15,10687
493,2393,238,350,10666,3821,41673,119700,10694,1010,6899,4198,27842,,,,,313,2393,50,10633,10,2574,37,17026,,642,,,0,2623,17374,1862,2429,22,17040,4304,6,42,17233
494,2393,299,1170,10697,3775,40959,117600,10671,727,5249,3219,21382,,,,,310,2388,50,10651,6,1644,14,10928,,96,,,0,1660,11025,4310,4438,31,10690,2661,4,10,10808
495,3858,493,1938,17338,3708,36000,285900,10735,996,6967,4254,28180,,,,,498,3793,87,16960,18,2634,35,17570,,232,,,0,2607,17242,1336,2509,23,17010,2916,4,20,11807
496,6259,812,3162,28096,3605,66732,144600,17288,250,1633,972,6409,,,,,305,2437,51,10913,7,1631,14,10818,,101,,,0,1602,10648,1937,2533,16,10706,2615,4,8,10654
497,4836,613,2262,21616,6732,40748,165450,10669,693,5249,3219,21384,,,,,513,3958,92,17832,6,1622,14,10765,,96,,,0,1606,10672,4328,4370,53,10978,2625,4,12,10699
498,4872,638,2145,21783,3703,38153,246150,10669,787,5257,3227,21420,,,,,310,2395,49,10668,6,1604,14,10663,,102,,,0,2588,17104,1923,2470,18,17346,4352,6,41,17415
499,1433,204,771,6492,3833,41106,175200,10684,1058,6886,4198,27803,,,,,302,2378,49,10581,7,1609,14,10693,,143,,,0,1608,10690,1890,2507,24,10920,4282,6,27,17278
500,4786,567,1416,21371,3718,68474,130350,17022,805,5252,3219,21391,,,,,306,2398,52,10707,18,2593,35,17152,,240,,,0,1594,10615,1846,2478,14,10789,2667,4,9,10833
501,4780,587,2052,21358,6708,82838,364650,17156,407,2626,1609,10693,,,,,323,2399,55,10711,6,1608,14,10673,,81,,,0,3219,21389,1872,2519,22,10709,2626,4,12,10691
502,16897,2061,7712,82639,6633,46478,222150,10681,613,4217,2577,17060,,,,,533,4491,92,21050,6,1606,14,10662,,101,,,0,4183,27772,4384,4389,44,10701,2627,16,6,10696
503,6217,810,3140,27942,3917,40991,454500,10685,701,4360,2632,17447,,,,,293,2383,49,10597,10,2570,38,17008,,201,,,0,4243,28167,1894,2475,22,17108,4270,12,47,17134
504,4779,615,1367,21360,3702,32045,347400,10687,420,2694,1642,10927,,,,,308,2384,51,10630,6,1604,14,10650,,104,,,0,3208,21341,4337,4478,34,10702,2614,4,10,10649
505,4870,628,2189,21767,2979,35895,112950,10829,384,2626,1612,10703,,,,,1212,9553,224,45214,18,2583,36,17111,,229,,,0,981,6497,1865,2641,22,16959,2628,4,12,10707
506,1448,198,816,6574,3878,61093,331800,17270,369,2620,1607,10674,,,,,297,2385,52,10662,6,1654,14,11028,,101,,,0,3216,21368,1874,2473,14,10700,2634,4,10,10729
507,4860,625,1729,21734,5929,44616,338100,17364,385,2619,1606,10666,,,,,453,3816,89,17127,7,1617,14,10738,,89,,,0,3218,21382,4424,4407,54,11024,2632,4,10,10722
508,4781,616,2368,21361,3874,35515,184050,5434,667,4282,2588,17176,,,,,327,2474,60,11064,7,1647,14,10966,,104,,,0,4179,27740,1985,2585,16,17114,4338,6,38,17363
509,1426,219,787,6431,3303,71255,884850,21495,386,2623,1609,10680,,,,,310,2459,51,10958,6,1610,14,10702,,102,,,0,8985,56456,1454,1956,34,11034,10379,40,106,40604
510,6186,789,3112,27719,7641,27700,343500,6442,371,2622,1607,10681,,,,,303,2395,54,10672,23,2763,35,18196,,249,,,0,3263,21703,1850,2511,14,10828,2618,4,8,10660
511,4805,617,2253,21453,2748,119007,121800,28068,388,2628,1612,10710,,,,,296,2393,49,10639,7,1607,14,10672,,107,,,0,995,6568,1947,2560,26,10744,2624,6,12,10687
512,4772,602,2069,21324,10080,74819,301350,21727,600,4322,2629,17672,,,,,502,3812,94,17126,8,1609,14,10691,,109,,,0,3238,21493,4478,4572,48,10699,2630,4,10,10718
513,1435,207,718,6527,7856,80789,319800,22361,653,4255,2578,17080,,,,,255,2394,51,10665,13,2570,40,17008,,193,,,0,3267,21730,1756,3827,85,17179,4519,6,52,18117
514,4897,548,2209,21910,8345,28299,198900,6468,390,2652,1626,10788,,,,,305,2397,54,10684,7,1612,14,10701,,91,,,0,4268,28532,4347,4402,30,17617,2671,10,11,10852
515,4806,565,2385,21456,2777,86921,449100,22148,381,2624,1612,10700,,,,,504,3807,90,17039,20,2581,36,17099,,225,,,0,4190,27752,1880,2672,24,17021,2645,4,10,10763
516,1422,202,805,6422,7680,77567,323850,21620,463,2877,1769,11688,,,,,326,2517,56,11341,7,1633,14,10811,,93,,,0,3206,21291,2585,2904,26,10717,2618,4,12,10666
517,6201,764,3141,27745,7380,26809,120150,6419,389,2623,1609,10691,,,,,514,3873,92,17371,7,1618,14,10728,,144,,,0,1034,6922,4458,4415,59,11692,2626,4,11,10695
518,4785,592,2444,21359,2733,130415,444450,27777,667,4261,2579,17102,,,,,307,2394,52,10692,6,1606,14,10662,,98,,,0,3251,21651,1971,2536,14,17114,4243,6,40,17042
519,4782,590,2213,21369,10601,73621,300450,21309,389,2618,1608,10654,,,,,300,2383,50,10603,8,1647,14,10930,,91,,,0,3983,26585,1823,2467,24,10946,4206,6,25,17015
520,1413,196,766,6407,7373,70537,185850,21399,376,2617,1606,10655,,,,,328,2560,63,11616,19,2605,35,17235,,245,,,0,4188,27791,1910,2551,16,10764,2618,4,9,10668
521,4871,641,2187,21773,7470,27435,489150,6375,375,2618,1606,10658,,,,,346,2653,64,12081,7,1606,14,10662,,102,,,0,4257,28290,1906,2525,24,11040,2714,4,12,10979
522,6747,789,3337,31760,2858,87738,341250,27307,591,4195,2568,16966,,,,,515,3856,97,17339,7,1604,14,10650,,205,,,0,3233,21658,4276,4253,47,10784,2627,4,10,10698
523,1428,208,809,6448,9435,76934,116550,21553,694,4345,2622,17375,,,,,298,2388,51,10619,10,2573,39,17025,,96,,,0,973,6408,1937,2491,26,17123,4263,12,41,17102
524,6187,778,3027,27700,7396,27853,356700,6407,372,2613,1604,10643,,,,,304,2390,54,10650,6,1606,14,10662,,91,,,0,3256,21692,11942,12798,127,10687,2620,4,10,10678
525,4776,504,2062,21332,2763,124256,338100,28343,378,2612,1604,10640,,,,,491,3810,92,17076,19,2580,36,17077,,242,,,0,3219,21429,1893,2816,22,45474,2630,4,10,10712
526,4816,604,2386,21544,10338,79023,161850,21629,422,2716,1651,10992,,,,,308,2398,54,10713,8,3186,16,19611,,86,,,0,171,6946,1145,2208,25,10874,2626,4,8,10708
527,1443,209,799,6554,7707,73605,202050,21310,387,2622,1607,10679,,,,,525,3856,90,17343,7,1606,14,10671,,109,,,0,4120,21327,4511,4093,52,11853,2639,4,12,10757
528,4859,526,2325,21746,7598,29263,435300,6444,669,4276,2586,17147,,,,,294,2396,52,10697,8,1755,14,11594,,108,,,0,4184,27729,1892,2522,16,17191,4293,18,42,17333
529,4775,587,1861,21346,2829,76260,432750,21418,494,2870,1764,11654,,,,,297,2396,51,10677,7,1612,14,10686,,108,,,0,4201,27845,1861,2503,24,10966,4195,12,25,16968
530,1437,201,781,6471,7712,77859,319350,21361,368,2631,1612,10713,,,,,297,2390,52,10656,18,2576,35,17077,,223,,,0,3223,21404,1864,2447,17,10694,2627,6,10,10703
531,6256,790,2997,28029,7450,187581,153000,49570,394,2628,1610,10704,,,,,313,2456,52,10953,6,1604,14,10650,,89,,,0,1604,10661,1925,2510,22,10674,2623,4,15,10690
532,,,,,23420,123222,159900,28250,1648,10418,6486,40614,,,,,529,3834,96,17235,6,1644,14,10928,,222,,,0,1602,10665,4447,4085,45,11014,2626,4,15,10696
533,,,,,10372,76646,308100,21559,652,4271,2594,17154,,,,,300,2401,53,10713,27,8124,79,49939,,89,,,0,2636,17527,1916,2568,23,17221,4416,6,46,17666
534,,,,,7631,77648,78600,21334,401,2616,1606,10651,,,,,307,2395,54,10701,6,1607,14,10672,,104,,,0,1624,10825,4187,4112,32,10704,2663,20,17,10824
535,,,,,7457,28396,284550,6478,397,2623,1607,10683,,,,,502,3806,89,17041,18,2584,35,17112,,256,,,,2573,17035,1897,2696,22,17048,2644,10,11,10763
536,,,,,2829,75861,,21383,433,2725,1654,11028,,,,,266,2438,54,10910,7,1651,14,10992,,96,,,,,,1870,2527,16,10699,2614,4,8,10651
537,,,,,7976,80705,,22369,1033,6475,3765,24041,,,,,481,3891,94,17487,7,1622,14,10775,,108,,,,,,4448,4065,53,10713,2630,4,12,10714
538,,,,,8181,27206,,6354,668,4296,2595,17223,,,,,309,2422,53,10809,6,1612,14,10679,,97,,,,,,1952,2535,20,17077,4313,6,46,17344
539,,,,,2735,122447,,27760,408,2625,1609,10692,,,,,327,2569,63,11645,9,1621,14,10757,,103,,,,,,1714,2384,18,11018,4214,6,26,17053
540,,,,,10351,90151,,21614,395,2624,1607,10686,,,,,296,2386,55,10669,18,2594,35,17190,,225,,,,,,1872,2485,14,10782,2610,4,10,10637
541,,,,,7640,84978,,21367,392,2629,1609,10701,,,,,293,2405,53,10728,6,1613,15,10688,,95,,,,,,1870,2537,20,10686,2630,4,10,10712
542,,,,,7698,29021,,6469,599,4207,2571,17014,,,,,497,3813,92,17113,8,1767,15,11661,,224,,,,,,4414,4068,45,10688,2878,4,24,11689
543,,,,,2886,75176,,21858,658,4262,2581,17109,,,,,308,2450,51,10918,13,2578,37,17052,,103,,,,,,2004,2537,24,17155,6926,7,48,26283
544,,,,,7669,71126,,21316,,,,,,,,,308,2441,54,10931,7,1639,14,10898,,101,,,,,,,,,10999,2631,4,12,10713
545,,,,,7176,30955,,6419,,,,,,,,,495,3807,91,17037,22,2671,37,17783,,228,,,,,,,,,,2629,4,11,10709
546,,,,,2750,125733,,27808,,,,,,,,,296,2389,54,10675,8,1607,14,10681,,90,,,,,,,,,,2728,4,9,11042
547,,,,,10172,,,,,,,,,,,,503,3810,90,17082,8,1761,12,11625,,93,,,,,,,,,,2660,4,10,10817
548,,,,,,,,,,,,,,,,,300,2392,54,10685,6,1606,14,10675,,89,,,,,,,,,,4248,6,43,17072
549,,,,,,,,,,,,,,,,,298,2396,50,10646,6,1612,14,10706,,108,,,,,,,,,,4205,6,28,17012
550,,,,,,,,,,,,,,,,,306,2396,55,10704,19,2588,34,17127,,253,,,,,,,,,,2722,4,10,11026
551,,,,,,,,,,,,,,,,,299,2384,49,10598,6,1634,14,10983,,102,,,,,,,,,,2647,4,13,10773
552,,,,,,,,,,,,,,,,,505,3801,93,17078,6,1635,14,11001,,1028,,,,,,,,,,2618,16,14,10656
553,,,,,,,,,,,,,,,,,301,2397,53,10704,10,2573,39,17030,,91,,,,,,,,,,4273,12,39,17145
554,,,,,,,,,,,,,,,,,305,2395,54,10677,7,1647,14,10964,,92,,,,,,,,,,2623,4,12,10685
555,,,,,,,,,,,,,,,,,1713,12627,273,60486,20,2617,36,17345,,245,,,,,,,,,,2622,4,12,10682
556,,,,,,,,,,,,,,,,,318,2487,58,11206,8,1610,14,10707,,102,,,,,,,,,,2611,4,12,10643
557,,,,,,,,,,,,,,,,,509,3835,97,17232,10,1766,13,11659,,96,,,,,,,,,,2627,4,12,10697
558,,,,,,,,,,,,,,,,,318,2429,55,10850,6,1607,14,10679,,84,,,,,,,,,,6983,7,53,26298
559,,,,,,,,,,,,,,,,,301,2385,51,10604,6,1640,14,10896,,93,,,,,,,,,,,,,
560,,,,,,,,,,,,,,,,,293,2389,51,10644,18,2606,36,17251,,233,,,,,,,,,,,,,
561,,,,,,,,,,,,,,,,,493,3806,92,17068,7,1607,14,10672,,71,,,,,,,,,,,,,
562,,,,,,,,,,,,,,,,,408,3346,79,16099,6,1636,14,10832,,214,,,,,,,,,,,,,
563,,,,,,,,,,,,,,,,,299,2395,54,10671,13,2614,40,17287,,,,,,,,,,,,,,,
564,,,,,,,,,,,,,,,,,295,2379,52,10608,6,1612,14,10699,,,,,,,,,,,,,,,
565,,,,,,,,,,,,,,,,,484,3799,91,17007,19,2593,36,17145,,,,,,,,,,,,,,,
566,,,,,,,,,,,,,,,,,,,,,6,1642,14,10910,,,,,,,,,,,,,,,
567,,,,,,,,,,,,,,,,,,,,,8,1619,14,10747,,,,,,,,,,,,,,,
568,,,,,,,,,,,,,,,,,,,,,6,1612,14,10720,,,,,,,,,,,,,,,
569,,,,,,,,,,,,,,,,,,,,,6,1638,14,10996,,,,,,,,,,,,,,,
570,,,,,,,,,,,,,,,,,,,,,19,2586,34,17152,,,,,,,,,,,,,,,
571,,,,,,,,,,,,,,,,,,,,,7,1602,14,10665,,,,,,,,,,,,,,,
572,,,,,,,,,,,,,,,,,,,,,7,1610,14,10708,,,,,,,,,,,,,,,
573,,,,,,,,,,,,,,,,,,,,,11,2570,38,17021,,,,,,,,,,,,,,,
