,branch-instructions,branch-misses,bus-cycles,instructions1,cache-references,cpu-cycles,ref-cycles,instructions2,L1-dcache-load-misses,L1-dcache-loads,L1-dcache-stores,instructions3,LLC-load-misses,LLC-loads,branch-load-misses,branch-loads,dTLB-load-misses,instructions5,dTLB-store-misses,dTLB-stores,iTLB-load-misses,instructions6,node-load-misses,node-loads,mem-loads,mem-stores,instructions8,cache-misses,L1-icache-load-misses,LLC-stores,instructions9,dTLB-loads,iTLB-loads,node-stores,instructions10
0,35180,1427,4183,146956,68731,912447,352800,1048888,2519,38828,22513,147835,4067,7868,6171,306080,735,1105178,14,22334,149,146685,0,631,0,22409,147384,9247,10694,271,146877,200711,435,443,952772
1,35026,1420,7279,146284,18011,236647,4602450,146739,1634,38542,22312,146798,674,910,1444,35069,188,146498,24,81155,243,1277662,0,667,0,81511,1330992,53473,28148,1222,1318391,38467,9,214,146517
2,35044,1420,6726,146376,17796,247003,956100,146447,12858,155426,70928,686957,668,928,1438,35061,186,146449,13,22193,149,145901,0,678,0,22366,146936,14991,10648,276,146508,38439,68,220,146417
3,187491,4250,20411,725310,17755,248026,1085550,146425,1514,38296,22166,145956,714,939,1442,35082,185,146576,14,22194,147,145900,0,645,0,22256,146334,11372,10405,274,146446,38445,18,215,146445
4,35042,1432,6765,146355,44319,699096,1077750,688942,1593,38490,22301,146526,514,901,1231,35130,166,146754,14,22082,145,145420,0,7985,0,22282,146423,14821,10714,277,146432,188912,86,432,884360
5,35097,1447,6752,146694,17437,246199,2120700,145891,1627,38441,22279,146420,5387,8099,3948,135241,362,558374,13,22099,153,145749,0,712,0,72530,845617,14761,10589,260,146811,38561,18,203,146790
6,35045,1415,7211,146382,17739,245826,1077900,147317,1599,38457,22259,146486,719,922,1422,35057,187,146439,22,70901,239,648398,0,684,0,22278,146417,33085,25374,1127,749614,38443,18,220,146439
7,35132,1448,6814,146778,17580,245919,996900,145870,20042,196391,75771,920475,739,963,1429,35052,187,146417,13,22076,155,145411,0,680,0,22281,146446,14106,10662,250,146142,38437,6,231,146410
8,214994,4654,21382,811332,17554,252524,1081800,146811,1619,38441,22278,146407,638,923,1442,35156,186,146840,13,22087,146,145439,0,619,0,22311,146622,14917,10634,258,146430,38537,16,218,146760
9,35161,1469,7281,146868,62727,844108,1079400,888635,1638,38693,22426,147368,713,921,1452,35143,189,146817,16,22361,146,146897,0,4289,0,22307,146772,14834,10600,270,146453,187396,182,458,868257
10,35034,1433,7303,146323,17489,236918,3416400,145899,1604,38361,22229,146142,3597,5479,4665,243942,582,904168,17,22373,146,147271,0,714,0,72584,814210,14810,10640,271,146942,38443,18,215,146432
11,35067,1443,7342,146491,17539,246986,1082850,145907,1546,38544,22310,146809,713,926,1448,35096,189,146678,19,72687,256,839463,0,703,0,22309,146754,37331,28526,1194,811843,38662,10,225,147281
12,35241,1442,2377,147205,17703,249937,994350,146905,12171,160373,71203,716084,713,922,1437,35163,191,146865,13,22072,154,145381,0,733,0,22229,146114,14733,10490,264,146424,38446,18,220,146424
13,191789,4522,20840,740118,17860,249435,393000,146815,1506,38497,22307,146573,730,959,1440,35105,198,146673,13,22099,151,145709,0,734,0,22281,146436,14788,10682,271,146449,38539,16,216,146791
14,35078,1435,6790,146536,49085,767088,1003050,738945,1652,38476,22298,146547,621,919,1443,35137,189,146798,14,22369,151,146928,0,2658,0,22335,146891,11859,10725,285,146419,151508,91,410,664180
15,35050,1307,7127,146406,17435,245279,3242100,145907,1624,38439,22278,146417,3186,4926,4558,187245,483,725349,23,71248,239,713311,0,719,0,74089,801607,36083,28008,1154,804122,38438,18,213,146417
16,35048,1430,6757,146387,17392,245410,1084200,145887,123,930,775,5587,702,916,1438,35058,190,146431,13,22077,153,145383,0,599,0,22278,146396,14645,10598,264,146425,38439,18,224,146396
17,35186,1468,6780,147097,17491,246192,996000,145898,13770,170209,71530,772119,713,932,1440,35058,190,146443,15,22076,155,145401,0,720,0,22291,146497,14955,10568,251,146445,38439,18,219,146414
18,194892,4362,21945,746559,17539,236392,1006350,146567,1542,38476,22298,146544,720,932,1444,35059,190,146446,14,22076,156,145404,0,2914,0,22341,146693,14807,10641,270,146767,166612,87,424,753643
19,35057,1395,7233,146430,58413,839747,3212250,820420,1545,38136,22079,145431,723,920,1439,35133,188,146783,13,22194,147,146316,0,722,0,72272,726190,14951,10544,265,146716,38439,17,215,146417
20,35044,1427,7078,146371,17839,240355,998850,146680,1541,38595,22364,146926,3603,5403,3565,109987,311,474903,19,72304,237,739497,0,737,0,22387,147053,37855,26280,1148,861514,38767,5,227,147609
21,35147,1427,7309,146935,17576,243588,1008450,145982,1567,38638,22363,147088,711,931,1452,35097,195,146638,14,22090,154,145485,0,712,0,22291,146506,14990,10550,273,146414,38440,10,224,146415
22,34913,1406,7099,145783,17952,249305,1088850,146880,11406,154335,71976,675666,722,929,1426,35052,189,146417,14,22076,157,145404,0,712,0,22319,146681,14835,10636,276,146441,38559,18,221,146852
23,195368,4444,20822,751985,49960,740839,1002900,712135,1609,38462,22297,146509,713,928,1469,35116,194,146720,13,22071,154,145396,0,2935,0,22306,146781,14970,10707,276,146888,163322,211,456,729042
24,34827,1362,7032,145352,17594,235558,3215100,145830,1625,38454,22289,146473,723,934,4238,186498,459,719085,15,22335,145,146906,0,452,0,71460,734854,34896,25358,1047,805771,38575,19,212,146811
25,34832,1402,7088,145419,17540,245256,370500,145864,1627,38465,22296,146470,3275,4838,1450,35050,188,146411,20,72261,265,722608,0,723,0,22294,146525,14715,10643,270,146442,38280,18,207,145896
26,34833,1406,6530,145422,17626,259062,1083750,146848,14704,169239,72633,763170,626,932,1452,35051,189,146414,14,22306,146,146582,0,727,0,22282,146451,15043,11001,264,146783,38362,17,210,146146
27,202489,4513,22687,772325,17608,237231,976650,146223,1643,38483,22301,146575,733,933,1430,35053,190,146421,13,22198,149,145903,0,716,0,22286,146452,14917,10687,273,146442,38550,19,196,146822
28,35022,1447,6651,146277,47935,731476,1003650,721083,1507,38454,22290,146479,730,951,1441,35129,187,146753,14,22132,155,145638,0,3259,0,22307,146764,14843,10500,273,146753,172698,92,442,788170
29,35024,1464,7164,146358,18013,237869,3368250,146458,1617,38609,22373,147083,711,908,4624,213179,553,808817,22,71577,233,677225,0,738,0,74004,801720,37286,27786,1162,826269,38587,9,201,146885
30,34831,1389,7066,145415,17455,272742,711450,146182,1619,38564,22326,146878,3404,5061,1461,35217,187,147193,16,22393,151,147037,0,724,0,22433,147426,14837,10624,267,147014,38326,6,199,146177
31,35001,1412,6626,146236,17400,244993,1082250,145867,14629,177048,72379,813301,717,916,1447,35075,187,146526,14,22301,148,146565,0,728,0,22290,146486,14748,10567,246,145450,38483,18,212,146573
32,183170,4155,19302,709162,52372,751970,1074300,825525,1619,38466,22297,146525,714,932,1438,35056,187,146422,15,22086,153,145462,0,3363,0,22282,146428,14447,9718,237,145387,38401,11,209,146317
33,35162,1462,7466,146873,17810,249560,1008150,146920,1647,38504,22311,146617,722,943,1432,35136,188,146795,16,22283,148,146582,0,711,0,22319,146856,14492,9827,233,145760,166026,189,442,744402
34,34915,1390,7072,145858,17759,260308,2926950,146446,1626,38632,22381,147050,714,927,4257,205163,510,779705,24,71921,242,755271,0,709,0,71549,717922,36650,24659,1148,867013,38459,18,217,146492
35,34925,1396,7132,145892,17445,245667,999750,146185,13462,169195,71834,768547,2753,4125,1433,35054,192,146426,15,22068,160,145377,0,744,0,22283,146452,9958,10481,245,145497,38452,17,218,146463
36,35131,1449,6690,146760,17680,247247,1084800,146207,1620,38448,22286,146457,698,916,1414,35051,190,146402,14,22294,148,146477,0,728,0,22282,146433,14389,10005,247,145375,38452,21,217,146442
37,214890,4771,23629,813441,47296,696778,337200,630294,1639,38478,22299,146532,710,920,1441,35051,190,146414,14,22076,155,145401,0,3226,0,22278,146423,14475,9818,241,145393,173123,77,432,786501
38,34941,1412,6574,145975,17605,238429,3315900,145872,1548,38134,22079,145417,717,939,1435,35130,189,146769,14,22101,152,145752,0,720,0,71702,778359,14093,10314,246,145749,38326,17,207,146027
39,35173,1441,6659,146908,17949,238155,109500,146899,1618,38548,22313,146815,508,951,4698,211517,543,803285,21,73016,250,782277,0,644,0,485,4534,28897,23444,1790,836882,38481,18,222,146568
40,35087,1436,7198,146619,17762,238674,1081350,146442,15595,182173,74137,837593,3411,5185,1458,35164,189,146866,16,22502,147,147766,0,736,0,22281,144060,14076,10614,253,146647,38452,20,210,146442
41,35026,1414,7160,146371,47377,724285,1088400,663730,1630,38467,22283,146629,718,938,1436,35075,190,146526,14,22301,148,146572,0,1636,0,22417,147192,14415,9930,239,145483,38709,9,220,147333
42,185123,3971,20943,715010,17729,237486,1075200,145953,1644,38459,22288,146491,706,919,1448,35076,190,146529,13,22085,154,145488,0,708,0,22291,146497,14374,9690,241,145405,150119,106,408,656660
43,35048,1419,6650,146399,17691,271958,1077600,145870,1570,38156,22091,145497,716,940,1457,35133,189,146779,12,22313,154,146825,0,721,0,22320,146858,23434,28667,1100,466758,38481,72,226,146569
44,35046,1425,7175,146378,17962,248824,3090450,146807,1640,38572,22326,146902,715,922,4102,171440,436,671498,15,75085,242,1040477,0,725,0,72478,734216,14758,10565,274,147177,38581,10,221,146853
45,35047,1428,6641,146396,17547,236645,1073700,146329,19528,214359,75157,1030469,5621,8624,1441,35158,190,146855,12,22068,153,145379,0,721,0,22280,146403,14767,10537,259,146448,38271,17,205,145860
46,35143,1473,6691,146834,50373,727211,1079700,758182,1644,38484,22303,146585,706,934,1442,35059,190,146446,14,22328,146,146877,0,4963,0,22278,146414,14631,10637,269,146424,38545,17,227,146808
47,186914,4475,22191,724049,17286,254191,1074000,145953,1536,38451,22285,146463,717,924,1427,35059,189,146446,14,22068,156,145382,0,709,0,22341,146691,14650,10673,257,146772,122500,89,402,495605
48,35057,1424,7133,146419,18228,240617,4264950,146891,1571,38210,22120,145813,719,925,1446,35149,191,146846,13,22307,148,146771,0,732,0,76945,1103720,35244,25301,1142,806992,38455,10,228,146454
49,35046,1438,7128,146390,17993,238448,1006650,146490,1643,38581,22335,146930,487,910,4654,210202,557,798938,17,73260,256,749094,0,735,0,22513,147837,14749,10571,261,146547,38646,10,218,147216
50,35046,1448,7185,146392,17780,277570,1079850,146798,16399,187006,74364,867082,2069,4084,1431,35053,188,146418,16,22358,150,146886,0,729,0,22357,146873,13804,11184,263,146492,38273,17,201,145872
51,237079,4769,24733,886545,63290,839103,986400,901862,1642,38481,22301,146571,705,949,1426,35052,188,146417,12,22255,150,146335,0,3853,0,22279,146427,14799,10861,269,146328,189173,78,420,885261
52,41023,1932,9083,176326,17864,249781,1083450,146882,1580,38279,22195,145898,712,921,1443,35051,191,146402,14,22279,150,146402,0,727,0,22311,146800,14867,10752,264,146788,38297,17,203,145932
53,35163,1444,7244,146876,17514,245114,3168450,145950,1640,38638,22397,147036,721,936,1443,35130,190,146769,17,22316,148,146843,0,720,0,72479,824145,36239,28044,1151,783284,38597,17,213,146929
54,35048,1432,6649,146399,17452,272294,1075800,146185,13970,163956,72326,733502,2089,3909,4728,229896,555,859053,21,73028,247,841333,0,719,0,22278,146414,14667,10342,266,146454,38280,19,203,145901
55,35152,1455,6730,146865,17385,245716,997200,146257,1548,38134,22079,145416,675,890,1447,35061,187,146449,12,22283,152,146456,0,1883,0,22278,146417,14860,10626,267,146445,38556,22,215,146856
56,186369,4199,19593,719103,48759,743131,995700,740235,1647,38476,22298,146547,712,928,1455,35103,188,146711,12,22281,147,146424,0,711,0,22278,146417,14840,10547,258,146430,174050,88,433,795843
57,35057,1418,7234,146434,17611,235984,3019800,145881,1452,38156,22092,145477,701,913,1430,35068,188,146497,14,22311,147,146638,0,952,0,71629,770966,34783,28042,1146,767138,38348,21,206,146128
58,35053,1421,6681,146422,17596,246175,1073850,145895,120,961,818,5912,721,935,1454,35130,189,146769,13,22306,150,146769,0,733,0,22278,146414,14826,10654,265,146732,38462,17,223,146505
59,35165,1438,7208,146874,17801,247796,999450,146573,1667,38377,22027,143278,2402,4372,4474,200979,502,769110,20,72606,256,717364,0,740,0,22359,146802,14979,10960,266,146434,46804,51,337,175792
60,35126,1439,6659,146738,52255,756821,1077000,818712,12565,162880,71322,730855,701,931,1431,35060,189,146436,15,22357,148,146853,0,3449,0,22256,146331,13929,10646,265,146884,38555,18,220,146831
61,231298,5040,24395,867192,16448,230237,1001400,145892,1518,38496,22315,146593,731,949,1450,35095,194,146631,13,22294,149,146519,0,715,0,22410,147497,14752,10739,271,146811,185192,75,441,856713
62,35065,1443,6571,146484,17519,244942,3060750,145946,1628,38458,22290,146470,693,904,1446,35096,195,146634,12,22305,149,146587,0,717,0,71968,596031,29231,25218,1124,674988,38273,17,204,145870
63,35078,1436,6720,146547,17573,236655,1010400,145863,1445,38133,22079,145412,2971,4460,1443,35130,187,146771,21,72887,254,720015,0,705,0,22483,147538,14965,10608,265,146905,38452,18,217,146463
64,35048,1457,6694,146383,17687,236478,1004100,146223,1651,38561,22320,146860,678,893,3740,122283,328,514034,13,22281,148,146399,0,3003,0,22374,146964,14708,10672,269,146416,38447,20,218,146415
65,35178,1455,7236,147065,53669,746824,978300,750636,11794,159859,71317,713271,701,915,1447,35065,187,146487,13,22309,147,146748,0,691,0,22076,145364,14769,10516,257,146754,169188,77,445,762485
66,191480,4348,21586,735723,17910,238230,968100,146453,1610,38411,22256,146294,719,942,1429,35154,186,146841,13,22294,146,146519,0,732,0,22105,145759,14587,10702,266,146780,38296,17,204,145950
67,35108,1437,6711,146704,17293,245296,3667350,145862,1612,38472,22299,146539,712,917,1413,35052,186,146420,12,22309,149,146793,0,720,0,71952,765427,33185,28479,1214,697789,38476,23,229,146546
68,34971,1449,6624,146073,17942,248030,982050,146807,1622,38440,22278,146421,3481,5137,1440,35131,191,146760,16,72409,241,785433,0,742,0,22110,145764,14785,10771,262,146478,38286,20,202,145909
69,35054,1449,7180,146419,58634,786096,980700,821629,13142,169340,72819,764287,543,936,4940,223693,588,843017,12,22280,150,146427,0,3250,0,22068,145353,14871,10547,279,147016,38693,10,220,147284
70,228528,4701,23269,854191,17549,245747,1085700,145778,1525,38752,22470,147442,704,914,1454,35210,188,147164,13,22303,149,146563,0,735,0,22388,147087,14106,11139,268,146732,177198,106,369,814427
71,35053,1453,7138,146417,17715,248765,928800,145874,1621,38588,22361,146892,693,900,1436,35052,189,146420,15,22278,146,146414,0,708,0,22287,146604,38068,27383,1221,840089,38259,21,212,145820
72,35165,1444,7171,146885,17865,250434,3753150,146557,1603,38495,22307,146735,3778,5556,1433,35049,187,146393,17,72028,229,759207,0,735,0,74737,875773,14290,10671,266,146425,38483,19,218,146561
73,35064,1417,7076,146477,17560,236482,977250,146563,1605,38534,22306,146769,717,930,1443,35134,188,146788,14,22278,148,146411,0,728,0,22071,145372,14931,10728,262,146433,38479,11,223,146547
74,35127,1437,6272,146755,49053,740038,976650,745868,15728,186845,73395,871105,711,916,4947,231576,549,864799,14,22291,147,146502,0,3363,0,22071,145390,5432,8088,338,146439,138367,78,412,589140
75,201248,4516,21757,770597,17835,239362,973350,146142,1635,38504,22311,146635,711,917,1447,35110,187,146754,14,22278,148,146417,0,707,0,22099,145711,14764,10422,265,146793,38506,17,220,146780
76,35046,1433,7262,146378,17405,256330,976500,145884,1597,38440,22279,146423,697,922,1436,35055,187,146418,14,22306,146,146756,0,735,0,22113,145835,35022,25555,1150,791902,38464,10,214,146480
77,35055,1423,6712,146431,17595,236093,3072600,145903,1602,38438,22278,146417,2460,3883,1443,35056,188,146436,18,72991,255,772054,0,732,0,70697,696099,14852,10600,268,146532,38441,18,213,146420
78,35049,1445,7291,146405,17598,266680,972600,146505,1601,38534,22306,146754,719,926,3898,189861,464,729909,15,22341,147,146691,0,2623,0,22071,145393,9077,10622,268,146508,38537,16,220,146775
79,229506,4870,24355,860704,56998,813165,971550,825327,13566,171797,73522,778077,523,924,1432,35052,189,146419,16,22343,149,146791,0,742,0,22134,145670,14700,10561,257,146172,172296,86,452,779830
80,35156,1442,7286,146834,17723,242967,1058100,147303,1614,38422,22262,146386,719,938,1431,35058,190,146428,13,22284,150,146429,0,738,0,22109,145565,11491,10642,264,146745,38709,4,226,147458
81,35084,1427,7323,146628,17735,237046,931350,145895,1601,38585,22360,146890,3367,5290,1402,35051,189,146414,19,70219,240,478573,0,688,0,22596,148411,39312,28437,1170,861893,38685,13,221,147381
82,35096,1433,6721,146630,17518,245442,3585300,145975,1600,38499,22312,146737,727,948,1450,35147,188,146852,17,22259,147,146337,0,746,0,74771,834129,14633,10377,250,146100,38472,17,219,146537
83,35128,1430,7322,146760,17774,239211,97800,146310,1597,38593,22345,146957,622,897,4583,195862,484,755158,17,22299,147,146547,0,2696,0,411,3631,12448,10768,251,145872,38565,62,216,146883
84,205054,4220,20669,778983,50524,749926,1122600,774147,15765,185679,73745,866062,681,898,1437,35048,189,146389,16,22299,146,146520,0,729,0,22465,145532,14682,10485,245,145877,173128,103,424,790183
85,35052,1427,6752,146420,17671,236500,949650,145866,2166,38159,22095,145522,716,946,1430,35066,188,146490,15,22219,149,146237,0,745,0,22085,145481,14584,10484,258,146343,38749,17,214,147446
86,35129,1445,7325,146844,17733,266968,973050,145863,1539,38192,22114,145737,2374,3658,1437,35165,187,146877,21,72816,245,847226,0,672,0,22198,145881,32064,25403,1125,709698,38439,17,216,146417
87,35048,1427,6778,146399,17290,253346,977850,145863,1431,38118,22068,145365,717,922,4451,199767,500,764966,15,22294,147,146507,0,2034,0,22104,145756,15032,10566,268,147050,38754,16,215,147471
88,35227,1472,7361,147284,41135,666404,3298050,629060,14043,175109,72331,802605,718,917,1455,35155,189,146830,3,388,13,3521,0,706,0,72431,778479,14924,10613,269,147491,177383,86,411,816412
89,219953,4738,22261,830969,18077,238930,1052550,146483,1519,38131,22078,145408,514,932,1452,35062,189,146453,17,22372,143,144952,0,747,0,22076,145404,14747,10515,254,146456,38455,11,214,146467
90,35054,1431,7329,146429,17325,270230,969000,145892,1604,38580,22358,146860,562,858,1445,35059,188,146446,17,22361,148,146897,0,737,0,22069,145364,13785,10481,257,146580,38441,19,215,146425
91,35046,1440,6680,146392,17455,246525,1081500,145892,1623,38507,22314,146776,3811,5662,1447,35136,186,146790,25,72974,232,869148,0,734,0,22361,146895,39613,28058,1183,884455,38490,10,217,146592
92,35046,1414,6773,146378,17354,246971,3442950,146544,1615,38542,22314,146807,704,913,4257,185560,475,716679,15,22320,147,146677,0,3600,0,72731,839766,14842,10525,261,146882,38537,18,218,146760
93,35149,1456,7312,146862,58825,799393,1057350,845210,8100,129846,71034,531419,671,866,1439,35156,188,146848,19,22289,147,146485,0,682,0,22071,145390,14792,10499,267,146549,151310,102,448,657866
94,196130,4287,22120,750591,17639,290641,970950,145892,1603,38579,22356,146854,739,958,1444,35110,186,146749,16,22110,148,145763,0,48,0,22085,145459,14724,10512,243,145878,38439,17,217,146417
95,35053,1429,6739,146421,17573,235792,984300,145892,1601,38498,22318,146607,2662,4025,1437,35041,187,146356,16,22314,146,146821,0,704,0,22099,145708,33085,26348,1133,765616,38443,17,217,146430
96,35097,1453,6749,146624,17487,245201,785700,145878,1525,38148,22085,145480,712,913,1459,35135,186,146776,21,73606,256,792808,0,741,0,22099,145748,14649,10541,249,145879,38751,18,208,147435
97,35052,1434,6764,146418,17470,246616,3126750,146327,1521,38220,22099,145751,713,935,4707,198862,506,762085,17,22288,146,146471,0,1561,0,73296,752114,14657,10391,252,145891,171851,79,405,777823
98,35179,1442,7064,147070,45639,707101,1055250,682711,12692,163484,71383,734570,700,910,1448,35163,189,146879,14,22081,148,145440,0,719,0,22071,145375,14621,10427,250,145900,38448,18,213,146454
99,222021,4566,21966,836962,17929,245081,1056900,147215,1610,38440,22279,146420,508,892,1435,35038,187,146336,17,22144,148,145719,0,687,0,22071,145393,15108,10648,269,146774,38517,17,215,146691
100,35046,1448,7255,146378,17907,239998,982950,146467,1288,31538,18841,128750,2943,4347,1461,35171,189,146927,17,22291,148,146732,0,722,0,22134,145670,37347,26463,1145,868635,38424,18,213,146358
101,35047,1427,6658,146396,17558,235511,1056450,145860,449,7671,3959,19980,708,929,1439,35118,190,146702,24,73171,241,820860,0,720,0,22137,145920,14738,10582,258,146079,38679,10,214,147236
102,35048,1440,6738,146399,17555,287731,3131700,146330,1608,38588,22361,146898,716,936,3790,130699,353,541242,15,22302,147,146572,0,3749,0,73127,813804,14630,10380,239,145876,118125,98,416,469997
103,177445,4361,19893,692769,38023,621894,1057950,477349,12559,161813,71649,725611,710,934,1449,35057,189,146433,17,22094,146,145521,0,682,0,22072,145414,14589,10590,259,145955,38505,5,210,146641
104,35045,1423,6751,146362,17600,235904,780900,145804,1482,38242,22168,145777,651,941,1436,35049,189,146380,16,22311,147,146623,0,739,0,22094,145528,32638,25494,1126,751784,38749,17,216,147390
105,35050,1425,6621,146412,18306,244502,967650,146681,1544,38269,22190,145863,2801,4340,1183,35100,196,146656,21,71191,235,740641,0,695,0,22085,145487,8190,8224,318,145885,38441,8,223,146415
106,35053,1440,6708,146422,18036,310524,2610600,146494,1488,38293,22203,145946,711,928,1424,35128,190,146763,17,22190,142,145861,0,1921,0,68723,511194,14768,10472,255,145857,38538,10,217,146770
107,35178,1464,6791,147063,55684,811775,1105200,802210,1561,38367,22218,146171,719,931,4907,218214,554,825589,16,22365,149,146922,0,742,0,22071,145388,14789,10565,262,145888,182967,194,455,841981
108,212550,4568,21184,803406,18175,252824,970350,146589,14815,174221,73084,792977,714,938,1451,35065,191,146477,15,22190,145,145864,0,689,0,22072,145403,14161,10640,263,146284,38439,18,218,146394
109,35156,1440,7214,146847,18282,242131,1053750,146457,1628,38624,22403,147042,649,1078,1448,35061,192,146450,16,22218,146,146203,0,739,0,22081,145436,36873,28198,1180,785421,38593,11,218,146910
110,35051,1453,6755,146415,17655,248065,974850,145873,1616,38417,22264,146354,4135,6146,1460,35060,191,146444,20,73657,259,789490,0,729,0,22159,145980,15172,10716,276,146848,38123,21,192,145379
111,35046,1418,6673,146393,18208,243251,3171450,146821,1664,38625,22379,147002,718,928,1432,35129,187,146766,16,22362,147,146898,0,3753,0,72777,756732,13860,10611,254,146025,38599,10,221,146971
112,230532,4533,21562,860406,53745,786730,666750,813958,1521,38538,22307,146771,710,925,4469,217337,536,819012,16,22203,147,145947,0,737,0,22425,147248,15167,10723,279,147728,188588,102,402,882183
113,35159,1450,6781,146856,18397,241320,1059300,146687,15112,180854,72674,835768,709,904,1436,35109,190,146752,15,22313,147,146751,0,733,0,22076,145405,14725,10479,239,145754,38590,21,198,146895
114,35048,1414,6724,146399,17645,327745,976350,145870,1651,38446,22281,146442,722,935,1438,35059,189,146446,16,22320,149,146859,0,752,0,22105,145705,36299,25692,1123,830217,38282,7,201,145907
115,35048,1411,6762,146399,17816,265150,973350,146587,1643,38756,22472,147453,3336,4988,1448,35112,189,146763,18,72669,239,825225,0,669,0,22104,145757,13543,10724,268,146463,38273,18,207,145870
116,35131,1439,6777,146758,49365,729374,1742700,753847,2369,46858,27861,175939,710,909,4449,209942,523,794409,15,22306,149,146585,0,3099,0,72551,817709,14714,10445,243,145855,166943,82,407,755347
117,209048,4390,13734,792212,17724,249493,1058850,146406,1656,38786,22463,147619,699,899,1437,35068,191,146497,27,27795,165,175619,0,726,0,22068,145375,14613,10485,263,145898,38339,7,198,146091
118,35054,1420,6763,146427,17909,351945,1057050,146379,14097,162912,72563,724438,700,901,1411,35052,190,146417,16,22278,148,146416,0,679,0,22071,145375,33642,25881,1111,764566,38273,19,201,145870
119,35094,1320,7479,146631,18201,241098,979950,146893,1627,38443,22279,146409,2222,5073,1441,35052,188,146421,23,71101,232,722898,0,729,0,22085,145477,19312,15182,430,175335,38275,19,201,145876
120,35323,1427,7009,147530,18020,252364,1838400,146793,1632,38465,22291,146504,719,930,1445,35196,191,147122,15,22284,148,146659,0,3018,0,70853,700618,7474,10387,251,146838,38694,10,222,147277
121,232091,4573,21728,868437,59594,806471,1059450,840651,1620,38441,22278,146428,700,899,5098,230182,575,863691,15,22364,148,146899,0,754,0,22140,145895,10623,10462,258,146439,184799,88,446,854226
122,34955,1442,6560,146090,18168,363677,994200,145865,1620,38669,22382,147202,688,926,1441,35052,189,146417,16,22281,147,146436,0,749,0,22406,147089,14566,10431,251,145759,38251,17,204,145812
123,34884,1373,7049,145664,17919,251309,1058400,146539,15374,181576,73659,841009,700,906,1420,35065,188,146482,15,22346,147,147007,0,673,0,22071,145400,25737,27992,1172,537526,38299,16,197,145960
124,34823,1391,7024,145356,17998,249612,563550,145965,1622,38446,22281,146445,2648,3994,1413,35047,189,146384,22,71369,247,630355,0,753,0,22198,146347,14866,10535,269,146377,38300,17,205,145936
125,34901,1353,6508,145697,18072,250007,2667600,146808,1625,38448,22282,146454,703,913,1440,35126,188,146751,16,22293,149,146485,0,2707,0,73086,737242,14550,10383,252,145842,38740,19,216,147431
126,197072,4110,21627,753477,60610,867653,1052100,742889,1653,38749,22469,147449,729,934,3962,162486,407,642766,15,22282,149,146421,0,747,0,22084,145465,14931,10601,274,146886,159660,90,406,712331
127,35071,1444,6676,146518,17817,253245,1070850,146816,11986,158661,70771,707129,708,919,1439,35101,189,146714,18,22352,147,146826,0,694,0,22093,145512,32371,27930,1237,696608,38276,18,206,145877
128,35068,1431,7197,146463,18100,251813,572700,146373,1606,38354,22226,146110,3118,4661,1426,35154,189,146827,15,22310,148,146779,0,757,0,22353,146860,14701,10393,242,146028,38273,18,204,145841
129,35239,1427,7161,147318,18124,242130,3263100,146962,1609,38441,22279,146423,735,953,1436,35059,191,146438,20,72340,243,791925,0,3119,0,72391,737247,14914,10535,251,146881,38593,11,217,146905
130,34932,1420,7119,145867,46610,696677,1061250,693215,1630,38439,22278,146417,715,919,4419,225068,547,843070,19,22362,148,146891,0,725,0,22167,145862,7727,10813,243,146387,38374,20,199,146235
131,180652,3888,21110,703599,17554,249795,1002600,145881,1612,38620,22372,147061,703,912,1429,35050,190,146408,16,22281,145,146429,0,694,0,22286,146453,14871,10535,271,146800,187337,102,457,867527
132,35167,1447,6713,146879,18043,251926,567300,146508,16344,185000,74293,856032,744,947,1421,35047,189,146379,17,22277,151,146399,0,690,0,22287,146466,38209,25644,1129,867103,38270,20,199,145831
133,35064,1433,7240,146470,17858,235473,1056750,145393,1632,38474,22287,146678,1945,3784,241,1922,62,10261,16,22321,146,146841,0,719,0,22127,146055,14770,10340,263,146914,38449,19,220,146442
134,34833,1412,6538,145423,17626,249017,3239700,145750,1635,38441,22278,146426,580,1150,1232,33684,129,138669,21,73480,261,784656,0,3729,0,72969,865217,14620,10441,245,145854,38336,18,201,146076
135,34908,1364,6492,145734,56262,873393,1054200,793548,1526,38439,22278,146396,696,912,1368,34912,177,145745,16,22280,148,146421,0,678,0,22076,145389,14960,10494,255,146448,38368,19,198,146213
136,209999,4502,19954,794943,17499,248354,445950,145626,15017,179105,73788,821462,707,913,3843,173902,438,682335,16,22293,149,146506,0,554,0,22089,145470,31189,25295,1053,715071,165378,98,414,745941
137,34828,1364,6502,145376,17993,253169,1057800,146824,1580,38232,22126,145725,706,925,1409,34836,178,145417,18,22352,143,146805,0,686,0,22075,145386,14716,10343,238,145851,38354,19,212,146098
138,34844,1388,6499,145482,17646,234582,2964450,145671,1557,38149,22089,145470,2362,3683,1368,34833,176,145390,21,72472,244,741286,0,438,0,71254,748026,14681,10514,246,146197,38326,18,202,146167
139,35186,1381,6796,147000,15458,310454,980250,146913,1534,38127,22076,145371,702,913,1362,34834,178,145393,16,22305,148,146707,0,1130,0,22080,145409,12446,10510,248,145854,38349,19,200,146128
140,231811,4370,21537,865524,55052,787534,450900,845856,1544,38221,22103,145738,667,913,1417,34906,177,145753,17,22277,137,146401,0,694,0,22144,145698,7941,10392,259,147155,38527,18,216,146735
141,34823,1349,2966,145354,17471,247659,964350,145395,12974,166679,71702,753863,744,955,4735,228956,538,856935,15,22353,147,146806,0,594,0,22118,145586,39424,28510,1178,900885,190102,87,444,885587
142,34837,1401,6519,145432,18082,251832,1011150,146529,1634,38633,22394,147025,712,918,1372,34836,177,145403,17,22306,146,146750,0,740,0,22417,147337,14843,10567,270,146826,38442,16,208,146421
143,34825,1358,7000,145363,17284,256134,3699000,145445,1631,38499,22322,146579,2933,4479,1367,34836,176,145400,20,74036,243,877791,0,712,0,74970,877004,14757,10565,263,146403,38466,19,214,146504
144,34929,1338,7654,145834,50750,771882,424050,787874,1551,38125,22075,145383,698,921,1365,34836,177,145400,15,22293,146,146506,0,3496,0,22317,146669,14970,10681,252,146080,38437,17,206,146359
145,189329,4159,21802,731513,17352,225463,1056000,146115,8625,134550,69354,566926,713,912,1403,34981,176,146116,16,22280,149,146383,0,683,0,22090,145479,13486,10635,230,145776,167687,92,423,753715
146,35068,1455,6691,146478,18357,252162,995250,146653,1540,38125,22075,145380,697,906,4105,186885,472,723652,16,22282,149,146414,0,745,0,22297,146489,32192,25659,1153,728298,38447,19,213,146438
147,34853,1381,6523,145485,18140,252138,1056450,146765,1592,38359,22202,146253,726,935,1455,35142,199,146854,18,71676,233,753778,0,723,0,22106,145751,14596,10630,246,145417,38437,17,211,146396
148,35015,1358,7603,146247,17944,251876,1359900,146674,1537,38127,22076,145386,2970,4531,1445,35163,188,146888,15,22277,147,146391,0,693,0,72129,769901,14822,10642,253,146644,38449,17,209,146432
149,35156,1447,2816,146908,62274,832082,1062150,875452,1632,38538,22308,146772,744,964,1443,35048,193,146390,17,22348,146,146687,0,3122,0,22113,145629,14942,10570,273,146531,38690,11,216,147258
150,226049,4517,21343,846340,17890,238222,984450,145851,14189,175513,74347,797389,735,954,4703,223559,577,842330,17,22288,147,146464,0,682,0,22145,145682,7085,10142,248,146756,179199,96,418,826091
151,35189,1455,6694,147018,18236,243324,1082250,146592,1598,38398,22256,146241,735,944,1439,35199,187,147026,15,22314,151,146780,0,727,0,22313,146643,38253,28348,1165,847782,38605,11,220,146945
152,35061,1441,7238,146442,18121,252232,1111800,146893,1617,38499,22317,146589,714,928,1455,35295,189,147428,23,71336,258,588582,0,737,0,71841,765197,14685,10473,253,146841,38439,17,215,146382
153,35062,1445,3068,146461,57668,786602,1057200,796963,1583,38249,22169,145789,3692,5465,1438,35062,187,146458,17,22369,150,146917,0,2409,0,22077,145387,14867,10591,265,145943,38444,17,221,146422
154,207453,4439,21962,786301,18155,251624,1057200,146394,11172,152985,71367,669545,725,932,1446,35132,191,146777,15,22278,150,146399,0,726,0,22077,145372,14376,10615,251,146655,38535,25,195,146755
155,34881,1382,7089,145688,17724,249201,1060500,145892,1576,38280,22193,145863,691,920,4205,194580,477,745529,17,22292,147,146483,0,690,0,22078,145396,32680,27905,1195,717883,155453,175,427,682823
156,34847,1399,6538,145479,17826,251625,373200,146462,1593,38278,22192,145875,712,919,1447,35055,191,146428,15,22305,149,146756,0,707,0,22380,147176,14971,10661,262,146812,38445,64,172,146416
157,34828,1352,2730,145376,17674,239716,3585450,146248,1573,38280,22193,145887,697,898,1459,35101,191,146700,23,72879,243,805228,0,674,0,73839,797078,14890,10796,269,146402,38501,18,215,146746
158,34905,1402,7103,145748,48112,702816,975600,715696,1623,38442,22254,146466,3108,4514,1455,35055,191,146431,15,22306,148,146717,0,2919,0,22077,145368,14894,10685,263,146399,38447,18,220,146441
159,224898,4939,24081,846406,18398,240895,1054650,146730,11516,155498,71095,687728,715,925,1447,35128,191,146758,15,22340,149,146740,0,728,0,22105,145701,14812,10659,260,146484,169115,143,456,763418
160,35088,1466,8182,146580,18113,241568,351300,146582,1583,38288,22194,145898,704,915,4658,203654,510,777958,16,22293,148,146515,0,674,0,22077,145389,25494,25859,1128,865524,38723,21,223,147479
161,34823,1322,2992,145354,18014,241408,3248100,146428,1580,38278,22194,145886,723,939,1455,35180,188,146954,24,73134,232,800077,0,721,0,71941,731504,14842,10550,263,146860,38444,9,219,146426
162,34827,1391,7087,145396,18059,243517,807000,146757,1623,38630,22390,147006,702,921,1440,35046,186,146395,13,22075,152,145377,0,563,0,22314,146538,8351,10460,248,146097,38444,17,227,146427
163,35322,1456,6704,147693,48718,738473,1055400,682397,14894,178099,73245,821550,2366,3654,1429,35047,186,146398,14,22075,154,145386,0,4110,0,22077,145386,14826,10515,263,146399,38531,19,210,146747
164,102678,3502,13319,450963,18006,251293,336750,146424,1576,38277,22197,145878,702,917,4680,210952,524,801986,15,22075,155,145397,0,692,0,22291,146488,8427,8663,305,146729,184029,90,425,855452
165,34874,1358,2725,145662,17864,241327,1000800,146094,1583,38276,22192,145874,705,924,1432,35051,190,146400,13,22108,148,145754,0,680,0,22311,146781,36452,28670,1202,766278,38444,18,213,146424
166,34835,1383,6526,145425,17795,250678,3134850,146760,1574,38276,22192,145876,710,932,1442,35053,189,146426,18,73194,266,797574,0,707,0,71285,720058,14845,10593,255,146839,38444,18,222,146427
167,34824,1359,7026,145357,57846,786775,1075500,795991,1577,38371,22220,146210,681,960,1446,35046,189,146392,15,22070,154,145379,0,694,0,22266,146342,13950,10234,269,146401,38437,21,209,146401
168,34929,1423,6547,145837,17904,253259,941850,146857,14895,179718,73761,824817,3091,4617,1443,35132,192,146776,15,22114,148,145746,0,3239,0,22274,146383,12818,10493,253,146427,38556,22,215,146823
169,232454,4839,9714,867429,18077,241398,1081350,146587,1566,38270,22189,145852,723,935,3943,155448,383,620086,13,22161,155,145794,0,685,0,22355,146863,26620,27933,1259,536044,171960,86,457,777932
170,34832,1399,7120,145417,17997,239480,940500,146101,1604,38338,22223,146082,749,966,1413,35050,189,146406,21,72895,242,775549,0,719,0,22294,146693,8152,10723,264,146560,38439,17,213,146406
171,34829,1374,6516,145379,18120,243261,3465750,146760,1577,38405,22280,146431,722,968,1434,35051,190,146407,13,22360,148,146887,0,733,0,73273,801455,14950,10548,256,146858,38574,14,214,146834
172,34831,1403,6532,145402,47128,726652,1080300,701433,1625,38547,22313,146798,702,921,1451,35056,190,146434,13,22192,148,145881,0,693,0,22378,146951,14838,10580,268,146406,38437,17,216,146378
173,34924,1363,2728,145815,26066,328105,994350,176092,15319,182250,72955,844245,2633,4202,1448,35128,191,146743,14,22189,149,145840,0,3625,0,22273,146578,14878,10613,274,146775,38533,20,211,146751
174,194543,4079,19657,745064,17752,248946,996900,146399,1579,38272,22190,145858,738,954,4848,225822,553,849109,14,22222,149,146232,0,714,0,22266,146324,33603,25742,1158,762898,181166,93,432,838152
175,35078,1426,5408,146558,18184,239889,3597750,145951,1572,38272,22190,145837,63,124,1293,35050,190,146406,13,42788,171,558061,0,717,0,74306,835662,14824,10622,266,146864,38461,17,215,146482
176,34833,1397,7086,145404,17975,251568,1074150,147209,1575,38270,22189,145849,670,862,1887,40942,261,175986,3,29430,73,187581,0,684,0,22267,146353,14837,10690,269,146728,38515,17,216,146776
177,34874,1362,2749,145657,59428,796673,1081200,812784,1570,38366,22217,146204,720,934,1456,35158,189,146841,14,22070,152,145379,0,701,0,22303,146613,14942,10467,267,146402,38443,16,219,146425
178,192303,4212,21077,737677,18126,241809,994200,147143,13379,168809,73611,761363,2944,4422,4050,170359,424,670428,13,22085,146,145404,0,3093,0,22309,146730,14827,10575,274,146757,38540,18,219,146779
179,35193,1435,7195,147031,18172,240908,997800,146574,1587,38295,22202,145914,720,933,1433,35055,189,146428,12,22192,147,145870,0,699,0,22308,146782,25182,28036,1218,499629,161720,84,440,719785
180,35061,1432,7194,146473,18127,251826,3521100,146566,1465,38349,22252,146123,693,908,1416,35048,188,146403,15,70902,232,714723,0,593,0,76898,756593,6685,10631,250,146685,38444,11,216,146410
181,34828,1359,2541,145376,59904,816854,997800,861871,1589,38250,22172,145800,700,919,1430,35185,191,146985,13,22190,147,145862,0,692,0,22278,146460,15004,10375,251,146402,38446,9,217,146433
182,34910,1429,7080,145769,17994,252368,996600,146858,1618,38722,22417,147350,739,942,1445,35109,188,146662,14,22317,150,146567,0,517,0,22389,146972,14795,10499,253,146429,38447,20,217,146441
183,228206,4485,21917,856318,18396,240881,1074600,146428,15806,184822,73922,859972,3406,5418,4751,228460,558,854851,13,22170,148,145788,0,3353,0,22254,146300,38761,27520,1227,851997,38535,17,209,146763
184,34828,1392,6541,145383,17834,248044,3205200,146366,1570,38271,22190,145848,698,919,1439,35048,188,146399,13,22220,148,146228,0,675,0,73227,835292,14823,10526,257,146387,186564,94,425,870020
185,34844,1368,2425,145457,18063,252470,1001400,147072,1573,38278,22195,145883,701,907,1443,35097,187,146680,17,75293,254,875048,0,696,0,22385,147052,14900,10416,266,146827,38463,18,218,146485
186,35168,1430,6710,146898,51667,718324,1001400,776837,1563,38277,22193,145879,707,923,1442,35063,187,146476,13,22193,150,145840,0,679,0,22293,146466,14928,10690,261,146425,38573,18,212,146830
187,35158,1417,3372,146917,17969,253121,1075050,147252,13091,168241,71455,763074,2632,4103,4257,191421,466,735343,13,22205,147,145953,0,698,0,22280,146417,15049,10522,268,146915,38439,18,215,146405
188,200939,4556,22071,766175,17900,231502,995400,146516,1598,38295,22202,145929,693,902,1444,35047,190,146390,14,22189,146,145842,0,3175,0,22309,146778,32174,25420,1156,717641,38535,18,218,146741
189,35184,1441,2360,146994,18142,240750,3543450,146559,1584,38273,22190,145855,741,965,1439,35048,191,146388,20,72570,245,766155,0,692,0,73377,776822,14789,10555,260,146876,174648,137,425,799155
190,34836,1411,7077,145429,54723,768529,1076400,843645,1576,38276,22192,145873,718,948,1429,35155,188,146843,14,22286,147,146426,0,745,0,22283,146426,7570,9980,271,146356,38408,18,217,146308
191,34823,1362,6476,145354,17715,238920,999000,145471,1593,38497,22285,146605,716,919,1453,35124,186,146742,13,22369,150,146927,0,727,0,22353,146832,14884,10596,269,146404,38596,10,214,146916
192,35146,1431,6701,146815,18189,252979,421500,146975,15535,183399,73497,850817,3533,5271,4501,223053,544,837091,14,22286,148,146433,0,3373,0,22344,146908,12625,10619,262,146740,38453,17,219,146434
193,189004,4412,20340,730048,18162,241154,1001700,146452,1561,38279,22197,145885,685,913,1428,35043,186,146368,15,22096,153,145715,0,721,0,22309,146783,37042,27421,1162,848689,38550,15,215,146815
194,34837,1387,7067,145432,17910,238094,2602650,145790,1621,38439,22277,146403,709,934,1449,35149,187,146820,18,73684,244,875945,0,715,0,68972,470300,14768,10577,269,146436,160403,99,415,716730
195,34824,1369,6491,145357,50432,707692,1072500,664870,1631,38444,22280,146404,697,896,1431,35064,187,146481,14,22360,149,146870,0,717,0,22280,146424,14755,10486,257,146427,38326,17,199,146167
196,34885,1424,6565,145718,17717,245350,997800,145416,15276,181395,73714,834889,3307,4891,4503,192739,489,742477,12,22285,148,146444,0,711,0,22280,146430,15068,10804,271,147499,38276,5,204,145853
197,34910,1359,7859,145744,18277,240714,999000,146526,1609,38500,22309,146748,712,938,1433,35105,189,146721,14,22068,154,145370,0,3511,0,22305,146714,14881,10577,258,146783,38271,19,198,145849
198,201548,4209,20038,767707,17681,241522,3372600,145462,1603,38444,22280,146430,707,926,1443,35052,189,146418,17,71758,234,778550,0,721,0,72206,801869,30624,25307,1158,690173,163201,81,426,734065
199,35088,1430,2809,146591,18157,284571,998250,146382,1634,38485,22303,146545,686,895,1462,35054,189,146427,15,22360,145,146866,0,722,0,22277,146396,14996,10503,265,146313,38271,46,193,145854
200,35088,1435,7217,146580,56558,823313,929100,862351,1627,38611,22368,147025,714,943,1445,35127,188,146758,13,22261,148,146446,0,716,0,22277,146399,6819,9836,438,161877,38520,18,212,146771
201,34840,1369,7295,145438,18373,242577,994800,146616,12525,162847,71340,730892,3170,4745,4671,226535,553,849049,14,22226,147,146101,0,2833,0,22285,146446,15169,10620,267,146396,38449,22,219,146436
202,190906,4209,21050,733062,18887,256499,1004700,151184,1539,38637,22393,147035,725,924,1415,35047,189,146396,14,22378,150,147247,0,695,0,22358,147009,37257,25322,1049,865395,38393,18,203,146429
203,34823,1368,7010,145351,18045,271997,3087600,146868,1616,38460,22293,146466,713,934,1433,35049,189,146405,19,71384,256,564295,0,728,0,73085,734639,8761,10408,257,146437,171578,92,413,777469
204,34836,1407,7059,145417,50151,735040,1003200,772308,1446,38127,22075,145390,450,937,1422,35048,189,146399,14,22360,146,146862,0,721,0,22381,147161,14740,10862,255,146467,38273,18,199,145837
205,34840,1367,6487,145438,18148,242594,994200,146837,1546,38223,22103,145745,2955,4356,1425,35127,188,146742,14,22234,146,146130,0,721,0,22277,146406,4838,2982,69,11612,38271,6,208,145849
206,34915,1405,7100,145784,17992,238611,996750,145880,14035,172697,73748,783497,722,934,4438,197464,511,757970,14,22285,148,146407,0,2933,0,22277,146387,8070,9097,346,136871,38454,18,225,146466
207,196050,4101,21997,752550,17671,246901,2877300,145859,1562,38127,22075,145372,716,936,1428,35056,190,146434,18,73206,245,769715,0,724,0,71711,691693,14928,10523,273,147072,38367,17,208,146207
208,34887,1403,6568,145686,17911,239035,995550,146191,1551,38127,22075,145390,720,931,1440,35055,190,146428,14,22360,147,146862,0,707,0,22280,146430,37063,28325,1105,803179,170355,91,412,774959
209,35088,1450,7195,146598,60587,823142,1072050,848605,1663,38668,22403,147164,715,916,1439,35098,189,146654,14,22286,146,146436,0,723,0,22280,146430,14531,10497,270,146388,38633,18,216,147019
210,34852,1380,6936,145514,17824,238893,994950,145887,12621,163114,72587,727677,2791,4194,4468,195791,505,751414,13,22155,157,145887,0,3149,0,22285,146418,14937,10499,283,146480,38243,19,201,145772
211,35159,1427,2506,146920,18026,270762,1005900,146256,1636,38596,22368,146904,732,956,1450,35206,187,147148,15,22342,150,146920,0,730,0,22392,147262,15016,10643,275,146542,38587,11,213,146880
212,205438,4422,20446,780572,18245,354980,3088650,145840,1520,38449,22285,146436,724,941,1419,35046,186,146392,16,72363,243,792166,0,709,0,72547,814004,14888,10552,278,147189,178064,92,435,819906
213,34840,1357,7005,145438,18280,241864,1075500,146797,1575,38269,22189,145845,732,943,1432,35071,189,146498,14,22277,146,146401,0,712,0,22464,147299,26288,25925,1077,567994,38591,17,217,146898
214,34838,1410,7076,145438,34805,593572,986250,469401,1591,38426,22248,146543,709,913,1445,35126,189,146751,13,22278,150,146377,0,723,0,22192,145860,15022,10683,268,146312,38276,18,205,145874
215,34878,1375,6547,145678,18001,252033,983400,146435,15621,184294,73261,856253,2551,4453,4372,192815,477,740137,15,22230,148,146117,0,3978,0,22198,145891,14872,10617,269,146401,38276,19,205,145874
216,193212,4174,21195,740299,17317,235154,3043500,145372,1622,38580,22360,146861,702,921,1412,35050,191,146406,14,22509,145,147859,0,726,0,72004,786852,15111,10650,293,146910,38396,4,206,146294
217,34823,1371,7003,145354,17097,235986,1065300,145474,1608,38443,22285,146428,679,952,1444,35083,196,146555,22,72957,249,740015,0,726,0,22221,146202,33260,25673,1125,766023,128944,472,390,528172
218,34838,1387,7096,145440,17347,234973,984750,145711,1552,38509,22318,146652,723,936,1404,35049,191,146403,14,22297,150,146508,0,717,0,22197,145867,14936,10624,267,146426,38278,17,197,145881
219,35092,1443,7205,146606,58777,817921,1085700,823169,1581,38454,22261,146461,3041,4775,3963,203316,478,772699,15,22281,147,146424,0,723,0,22388,147076,14785,10492,267,146744,38273,17,196,145858
220,35164,1461,7256,146929,18083,243874,973200,146887,10934,151803,71533,662033,715,927,1433,35033,186,146322,15,22228,149,146117,0,3370,0,22194,146117,14800,10486,272,146407,38460,17,214,146470
221,216274,4580,23375,818803,17286,235197,3364500,145383,1610,38296,22166,145944,720,932,1439,35082,190,146549,23,71823,248,668983,0,724,0,72957,740151,14503,10709,283,147197,185771,153,432,860520
222,34885,1372,6885,145733,17235,234614,997200,145386,1604,38574,22361,146809,712,948,1445,35052,188,146418,18,22393,149,147007,0,722,0,22393,147206,36711,28345,1135,767688,38275,18,198,145873
223,35087,1456,1740,146590,17002,279167,981450,146051,1620,38499,22321,146580,714,920,1445,35185,190,147094,15,22254,148,146413,0,740,0,22190,145855,14867,10659,274,146427,38273,17,200,145858
224,35063,1456,7173,146435,50068,737148,1065450,774039,1634,38541,22313,146787,3072,4578,4059,195860,485,749574,15,22277,147,146399,0,712,0,22189,145852,14997,10586,277,146399,38271,18,201,145812
225,196064,4571,20437,752907,18115,243387,3617550,146950,15112,179510,73435,829222,724,924,1442,35042,187,146358,16,22305,147,146754,0,3011,0,74754,854534,15077,10958,271,146365,38387,6,206,146276
226,34990,1439,6618,146175,18033,251073,1060500,146875,1668,38649,22394,147099,703,909,1434,35045,189,146392,18,73684,241,851474,0,728,0,22189,145812,14967,10800,274,147069,159031,92,395,709196
227,34971,1429,6611,146119,17201,258653,986700,145417,1585,38300,22168,145924,712,927,1479,35046,187,146395,16,22303,147,146554,0,687,0,22202,145929,33558,25660,1065,747364,38400,20,204,146264
228,35024,1435,6654,146284,52386,762508,981450,797402,1572,38124,22070,145373,2826,4189,4565,213714,521,806765,15,22305,148,146711,0,715,0,22189,145849,14733,10612,280,146396,38354,4,205,146078
229,35144,1459,7203,146826,18071,228500,988950,146711,13513,169535,71678,771223,714,938,1448,35062,188,146462,16,22091,149,145477,0,3203,0,22220,146228,14810,10786,277,146385,38460,9,211,146475
230,227071,4435,21342,849638,17357,234637,3127050,145375,1450,38132,22078,145395,732,971,1446,35161,191,146867,17,22333,147,146901,0,721,0,72434,792349,14941,10583,278,146504,178874,81,413,825128
231,34913,1415,6597,145849,16985,279212,1077900,145459,1630,38581,22356,146843,741,953,1439,35055,189,146426,19,73804,255,811569,0,730,0,22286,146448,32878,25868,1094,741887,38589,10,216,146883
232,35056,1444,6681,146421,18240,241600,987450,146800,1667,38553,22346,146787,728,944,1452,35134,190,146786,18,22390,148,147003,0,724,0,22285,146445,15016,10716,271,146889,38450,19,220,146421
233,41037,1753,10039,176397,45543,689377,994800,580675,1588,38226,22105,145745,3394,5056,4688,222792,544,836118,16,22282,149,146428,0,718,0,22193,145884,15003,10551,267,146683,38450,17,221,146439
234,35044,1415,7155,146516,17391,235763,3183000,145378,15497,182099,74069,837761,715,918,1439,35053,188,146422,15,22278,150,146383,0,2403,0,72609,856436,14982,10578,274,146392,38367,16,197,146201
235,146164,3496,22771,592680,17129,305057,1067100,145384,1639,38548,22341,146863,734,952,1419,35161,189,146868,15,22315,151,146816,0,721,0,22192,145875,14891,10718,274,146741,158815,92,432,702123
236,34971,1412,6597,146134,17075,234795,984150,145357,1668,38706,22444,147446,989,1422,1439,35056,187,146434,20,70767,240,671929,0,716,0,22220,146198,38554,27760,1139,830884,38273,15,202,145838
237,34896,1409,6586,145763,55618,755726,1064400,743892,1542,38137,22080,145425,2095,3812,1445,35134,188,146771,16,22355,146,146855,0,714,0,22193,145887,15394,11050,272,146378,38273,18,210,145856
238,34924,1422,6552,145890,17443,246212,1071000,145621,14885,170745,73987,771545,723,937,4214,159184,396,635136,15,22280,149,146402,0,3006,0,22220,146218,15002,10542,274,146626,38335,21,197,146205
239,35242,1412,7118,147228,18065,250307,3427200,146600,1563,38217,22116,145640,728,949,1435,35055,188,146428,16,22280,147,146418,0,708,0,72684,735280,14591,10451,270,146399,38367,19,206,146207
240,,,,,,,984900,,1557,38228,22147,145741,714,938,1425,35049,186,146407,15,22308,147,146775,0,1017,0,22255,146157,14959,10615,276,146756,,,,
241,,,,,,,1063650,,1455,38189,22122,145621,718,938,,,,,17,72577,262,713697,0,720,0,22168,145781,,,,,,,,
242,,,,,,,,,1605,38547,22313,146929,,,,,,,,,,,,,,,,,,,,,,,
