,branch-instructions,branch-misses,bus-cycles,instructions1,cache-references,cpu-cycles,ref-cycles,instructions2,L1-dcache-load-misses,L1-dcache-loads,L1-dcache-stores,instructions3,LLC-load-misses,LLC-loads,LLC-store-misses,instructions4,branch-load-misses,branch-loads,dTLB-load-misses,instructions5,dTLB-store-misses,dTLB-stores,iTLB-load-misses,instructions6,node-load-misses,node-loads,node-store-misses,instructions7,mem-loads,mem-stores,instructions8,cache-misses,L1-icache-load-misses,LLC-stores,instructions9,dTLB-loads,iTLB-loads,node-stores,instructions10
0,1876537,32532,153708,8545876,136854,1810805,21305400,1596250,105013,1803940,1248930,8606152,1746,37970,54,11831548,36983,1894560,2133,8611629,65,1218145,6644,8385229,0,1362,0,11227428,0,1244387,8582376,12922,51195,1896,812487,1782797,7294,484,8507922
1,102365,4678,22462,466173,386662,5946928,276450,7005383,8620,100802,67661,466266,194,2667,271,458752,3704,101311,258,462077,20,66443,478,456171,0,550,0,456123,0,14193,97037,4783,371932,16018,7573635,20684,36,226,97047
2,1893187,30595,134513,8606883,45488,567726,2517900,458431,102794,1786618,1236623,8521396,727,1097,227,101744,41374,1912141,2435,8685586,17,14339,170,97922,0,1023,0,8518058,0,66859,459727,12110,35227,1227,458616,100117,230,266,462079
3,99842,4090,15117,455906,501069,7783018,21255600,8824746,8995,101678,68237,469993,1088,46631,440,8702405,3627,100201,246,457282,64,1238619,6541,8532726,0,515,0,97813,0,1224311,8434649,21752,409628,17379,8362692,1813965,8163,589,8684242
4,1893252,31958,219561,8615180,52448,623266,2444700,468362,96403,1745942,1207905,8319072,539,3002,66,471079,712,6809,114,36313,21,67744,524,463970,0,1286,0,462574,0,66296,455212,9987,12299,325,97846,100957,208,290,464300
5,1840638,31009,195848,8372859,517981,7923554,31511250,8656732,102371,1771234,1224860,8436889,1026,33463,222,14507455,36711,1849765,1951,8419189,36,1233738,6485,8503371,0,394,0,4662580,0,1245134,8587212,13503,34881,1257,457674,1784046,7154,750,8585687
6,61962,2890,13543,288899,402050,7174290,20393100,8257169,105187,1805524,1249922,8613619,1770,930,1207,101956,31380,1603401,1708,7304485,16,14170,176,96787,0,1208,0,10113341,0,1254402,8656044,23675,400308,17170,8363349,20908,41,221,97675
7,1813680,30003,148820,8248881,22132,201385,27554100,97679,6374,99354,66753,458530,321,38640,491,8051024,6225,236929,363,1082887,38,1215397,6574,8365996,0,111,0,97102,0,1234770,8511442,21765,373311,15447,8241070,1798236,6716,921,8596576
8,100473,3325,14989,458522,493722,7532601,2791650,8583580,100174,1771251,1224920,8436428,597,26016,273,14274210,41177,1876296,2429,8541795,43,1206420,6123,8301383,0,562,0,8388529,0,67604,465714,11968,13526,270,96787,61847,119,282,293852
9,1859490,37319,59051,8468939,42198,542110,850050,455973,2321,22781,15738,108315,1230,2834,889,463866,3992,102134,284,467336,18,66414,500,455920,0,1563,0,458645,0,14315,97813,20528,405673,17067,8445305,1745510,6429,178,8337195
10,100220,3486,15086,457373,489766,7557165,24070350,8587251,5452,79190,52725,359730,2418,35991,175,8863380,36410,1840426,2408,8387737,17,14346,166,97968,0,1555,0,9522648,0,1239380,8544318,12527,35295,1172,459595,20626,44,216,96755
11,1878164,38012,181983,8544987,21078,202624,2433450,97020,102376,1778581,1228281,8455967,443,2369,154,454666,3812,101710,289,465070,32,1217360,6541,8384579,0,161,0,459975,0,66314,455315,24860,403286,17875,8459019,98711,213,295,456310
12,22680,2179,2252,104170,47004,581167,19664850,457586,102652,1783607,1235055,8511103,609,33831,294,5676080,45300,1863506,3579,8491478,21,67775,508,465381,0,1274,0,8737515,0,1258621,8685416,10915,13820,288,97813,1822692,7274,716,8714439
13,1873706,33199,149526,8506057,461050,7380352,846000,8435421,104786,1799678,1247436,8600490,623,30213,1405,10115661,41074,1886810,2703,8586736,51,1234637,6401,8508653,0,539,0,5278585,0,14194,97025,14476,44759,1255,461459,100564,207,271,463716
14,1853860,30630,144474,8422082,481682,7431073,21319650,8436817,6216,99277,66723,458313,530,29894,690,98539,40835,1884052,2415,8579531,17,14170,167,96787,0,1650,0,8718251,0,1264439,8730092,25442,404493,17445,8598424,1821612,8833,488,8737628
15,21263,1799,6957,96769,20797,198687,20241300,97711,102640,1776675,1228463,8455930,899,2624,70,464353,2026,25975,238,127637,34,190720,1114,1311001,0,207,0,459176,0,1227101,8455270,19452,391085,16717,8583095,1814889,7005,532,8688498
16,102311,3698,15897,467426,493607,7665746,2294250,8653108,6597,100872,67684,463910,537,30142,1583,4892234,1814,78841,65,350570,21,1057873,5202,7297904,0,490,0,8512307,0,66723,458226,11820,13469,288,96787,1763439,6018,677,8381739
17,1836277,30254,151201,8368891,46542,577860,841800,458757,103975,1757036,1213641,8356039,706,1008,78,9110421,34484,1855262,1789,8448971,44,1227317,6847,8454647,0,573,0,465404,0,14351,98065,19679,399260,17290,8577973,99310,229,299,458434
18,100429,3612,15530,458576,518833,7803920,18938400,8660154,1787,20920,14311,97712,1013,2599,291,96703,5278,101071,625,461472,22,67982,507,465994,0,1057,0,100636,0,1178682,8116776,12276,34503,1101,457302,20958,36,218,97938
19,1851166,29379,130128,8429099,21257,211693,2599650,96702,113502,1786466,1234842,8490397,1284,33105,825,461221,43609,1878925,2815,8557199,61,1205106,6376,8290483,0,1808,0,13444781,0,67743,465020,20848,405927,18136,8532936,1779696,7887,909,8471413
20,21486,1682,6437,97752,48255,835085,20188200,466204,103555,1801227,1248229,8607198,526,35892,118,8635470,32001,1824826,1467,8325304,18,66641,493,458274,0,1368,0,8686130,0,1226764,8452161,15424,52856,1322,461646,99533,241,344,459311
21,1906246,30029,143398,8659401,561554,8170268,388350,8517279,1712,20636,14168,96784,1014,1029,2620,8526448,35139,1820367,2086,8284620,64,1189246,6376,8195281,0,579,0,4912071,0,14169,96786,21523,422415,17060,8537897,1746701,5961,673,8359499
22,1852314,30003,152518,8434964,507723,7685254,21482100,8581629,6255,99444,66821,459081,677,32766,592,97766,3835,103339,454,472530,45,1230672,6626,8468261,0,1023,0,9113168,0,1257008,8675211,24852,238532,10631,4616840,20636,33,213,96789
23,21260,1702,5676,96770,483466,7603933,21369600,8510673,98720,1759111,1219662,8407690,545,2707,281,8024860,15339,852716,773,3877975,15,14296,172,97624,0,163,0,462867,0,1236580,8524360,1222,178929,8034,4027004,1784574,8480,455,8515008
24,102341,3131,18768,466218,45261,569636,2427600,458292,7274,99010,66597,457449,598,52606,1355,462763,18256,1058190,1127,4804612,50,1207520,6004,8308018,0,1608,0,7173771,0,66435,456061,9642,13946,279,101706,1806152,7418,594,8653302
25,1817182,29607,149959,8289635,482766,7561410,21708450,8515792,104778,1762015,1216620,8374416,1921,1009,194,8685280,3582,101262,249,461543,19,66523,516,456818,0,2262,0,8657819,0,1215505,8366789,24315,403281,17868,8433684,98652,214,283,455975
26,102087,3067,20914,464997,65553,768799,1639200,558366,1784,20966,14337,97877,1304,2318,539,96786,31834,1893264,1399,8606404,72,1190371,5948,8200574,0,585,0,5551017,0,68143,467079,12385,35479,1205,458542,20932,36,227,97762
27,1870486,29446,123519,8511132,486357,7563012,20224500,8657918,55001,875431,605009,4166886,1022,30592,6,455244,2008,21492,226,97769,17,14156,160,96703,0,585,0,11046689,0,1234463,8507284,20319,412426,17434,8435057,1784964,7058,651,8516110
28,20139,1393,6541,92408,524195,7937877,20625750,8538821,51113,885119,610755,4199877,547,37484,218,8908352,33503,1878385,1597,8547583,15,66329,493,455451,0,1287,0,454509,0,1254340,8655381,13444,33425,1139,458941,101307,217,284,466296
29,1851827,29140,124499,8424499,21400,201674,834000,96787,103215,1776553,1228019,8458047,995,25391,2941,6272471,30241,1890315,1854,8593670,39,1245037,6573,8586586,0,579,0,8656567,0,14365,98151,11965,13789,280,100716,1746469,6615,548,8288687
30,1851944,29710,135076,8433183,530581,7971627,19486950,8506544,1764,20655,14184,96851,504,35314,66,8936506,1990,21265,211,96782,32,1254949,6821,8659586,0,2261,0,97749,0,1260957,8701104,16368,408026,17777,8589301,20637,45,213,96787
31,100459,3418,15346,458446,58469,692605,2265750,466072,6450,100038,67193,462611,569,1027,221,458694,3069,102281,265,465789,16,14318,163,97763,0,511,0,6060635,0,66699,458066,34502,456638,17643,8617778,1777232,7882,728,8459906
32,22182,2019,5672,101489,489175,7585294,11428050,8555476,101517,1786435,1236849,8521461,4129,2569,269,7987391,34212,1917837,1725,8714991,49,1248563,6525,8610063,0,1499,0,9072295,0,339665,2335906,11057,13989,312,101768,1785676,7612,422,8519604
33,1870440,30018,132839,8509554,79668,915902,12282450,562657,6597,99032,66634,457466,154,35614,622,10125423,3565,99711,249,455172,17,68281,508,468831,0,396,,98044,0,914374,6303600,18058,427694,18019,8365482,99304,243,296,458418
34,101051,5317,6680,461365,534022,7713044,907650,8373653,107985,1801897,1248848,8604109,8,25064,,7373702,35231,1895613,1835,8617623,29,123623,700,851623,0,518,,422301,0,14156,96676,12685,35464,1204,459639,1787509,6780,889,8521677
35,1888027,29815,87377,8581626,505254,7766946,2393850,8530425,104579,1802081,1248897,8609779,524,36147,,1096557,2007,21491,224,97766,39,1113748,6022,7673656,0,939,,9970198,0,66190,454749,19334,423426,18147,8512871,101561,263,291,467020
36,21945,1999,5727,100447,19922,211501,22148850,96755,103010,1785193,1235835,8518681,1474,2822,,96788,32054,1858332,1673,8462580,14,14184,178,96878,0,29,,457181,0,1254937,8658019,13227,33617,1124,455239,1784111,8924,458,8513640
37,1888278,30281,131531,8584483,590972,8498162,21271800,8585961,6313,100402,67443,462058,682,35174,,6070904,34707,1856576,1827,8454037,16,66276,509,455035,0,549,,8445685,0,1245012,8584901,12019,13881,299,100716,1772171,10643,576,8439241
38,1854902,32194,144049,8446796,44901,594120,838350,466472,1803,20987,14352,98040,2656,1046,,10375940,1944,21265,212,96782,82,1247183,6784,8598071,0,1944,,10028223,0,14352,98040,18856,413717,18328,8666298,20901,40,215,97643
39,100743,3732,16477,459491,537264,8155978,9999300,8541226,104563,1761709,1216461,8373393,380,2811,,97891,3644,101486,268,462936,81,1247229,7187,8598869,,,,,0,1233786,8502756,20721,413623,17618,8436777,1767681,8525,553,8424121
40,23317,2262,6968,107726,7497,77454,2800350,66197,7468,100232,67420,461973,1405,64310,,457677,31770,1841490,1680,8392444,89,1202685,5986,8290192,,,,,0,67700,466498,21727,427487,18184,8379867,99341,201,299,458544
41,1818218,29965,140573,8293252,41996,542337,20685750,455203,105707,1763971,1217989,8380779,498,36274,,8568952,3435,99735,248,455333,21,67683,411,466178,,,,,0,1236370,8520644,12022,39309,1466,465979,1774923,7306,772,8452580
42,99607,4185,14881,454635,487311,7582809,844050,8580191,1770,21734,14843,100693,,998,,5372645,31565,1840654,1596,8388322,74,1226449,6586,8445111,,,,,0,14182,96945,20941,417884,16834,8596445,20636,33,216,96787
43,1850977,29694,126008,8428509,525285,7731044,2882850,8520113,104298,1797463,1246089,8591526,,,,,32062,1837429,1730,8372320,16,14284,156,97544,,,,,0,67520,465194,14860,35669,1261,468925,98217,194,282,454535
44,21944,2015,5758,100446,,,16944450,,,,,,,,,,,,,,19,67520,396,465095,,,,,0,1237375,8529180,17714,420377,18135,8746808,1762841,7974,415,8378193
45,1877524,30665,144229,8545439,,,21431250,,,,,,,,,,,,,,44,1249061,6499,8614401,,,,,0,1238665,8539848,9885,13682,273,97975,1768136,8658,541,8393573
46,,,,,,,,,,,,,,,,,,,,,39,1223124,6472,8423950,,,,,,,,21268,406986,18059,8589553,20967,46,213,97997
47,,,,,,,,,,,,,,,,,,,,,17,14170,172,96787,,,,,,,,,,,,,,,
