,branch-instructions,branch-misses,bus-cycles,instructions1,cache-references,cpu-cycles,ref-cycles,instructions2,L1-dcache-load-misses,L1-dcache-loads,L1-dcache-stores,instructions3,LLC-load-misses,LLC-loads,branch-load-misses,branch-loads,dTLB-load-misses,instructions5,dTLB-store-misses,dTLB-stores,iTLB-load-misses,instructions6,node-load-misses,node-loads,mem-loads,mem-stores,instructions8,cache-misses,L1-icache-load-misses,LLC-stores,instructions9,dTLB-loads,iTLB-loads,node-stores,instructions10
0,3512,380,1403,18309,5696,68586,285150,19317,1000,7872,4905,28004,185,443,612,4828,118,23248,9,3526,60,19255,0,194,0,4166,23145,1433,5279,56,23247,6426,13,35,23278
1,4544,427,1770,24091,8742,115528,72150,22038,553,4984,3284,18015,214,352,494,3743,85,18037,8,4814,69,28053,0,219,0,3284,18015,1347,4943,43,18010,5017,13,33,18124
2,3521,365,1460,18345,5694,61460,260700,16968,383,4656,3124,16647,161,251,431,3437,66,16652,5,3109,47,16598,0,214,0,3127,16672,4874,3908,36,16674,4646,4,30,16608
3,3525,369,981,18360,5880,60522,248250,18307,496,4987,3143,18301,232,268,378,3516,70,18326,6,3145,44,18325,0,235,0,3132,18233,5114,3850,101,18288,5004,8,94,18367
4,4389,493,1835,23223,5816,59147,263550,18297,502,4987,3143,18297,246,293,373,3520,71,18335,5,3149,42,18340,0,228,0,3144,18305,4904,3804,101,18294,4987,8,90,18299
5,3510,378,1552,18300,5857,61100,241950,18326,496,4987,3143,18297,259,302,385,3515,70,18321,6,3152,43,18364,0,221,0,3151,18337,4934,3845,100,18332,5357,8,28,19312
6,3521,371,880,18347,5939,61679,251100,18363,496,5040,3169,18607,236,276,373,3519,71,18329,6,3152,50,18355,0,241,0,3159,18388,4943,3874,95,18321,4658,6,36,16653
7,3526,387,1748,18363,5876,61229,241650,18363,483,4993,3151,18326,242,281,370,3519,71,18329,5,3178,43,18653,0,237,0,3148,18331,4946,3812,95,18342,5002,9,90,18379
8,3519,377,1568,18336,5833,59248,108300,18293,498,4993,3146,18310,237,288,366,3509,74,18294,6,3143,49,18307,0,237,0,3143,18297,1092,3769,94,18290,4987,8,87,18299
9,3515,373,1723,18319,5882,59992,261900,18297,505,5005,3151,18368,212,345,433,4212,69,22285,5,3144,44,18296,0,240,0,3144,18294,4986,3841,100,18288,4995,9,87,18335
10,3513,388,1735,18312,1887,26136,247650,11983,490,4999,3154,18345,237,276,382,3519,70,18328,5,3144,44,18303,0,234,0,3146,18309,5044,3937,98,18356,4987,10,96,18297
11,3514,373,1587,18315,4575,40148,263250,8466,489,5001,3154,18350,242,285,376,3508,68,18288,5,3153,45,18344,0,238,0,3150,18340,4981,3885,96,18290,4994,9,87,18325
12,3579,397,1755,18670,5911,61772,267000,18329,501,4992,3146,18321,250,283,376,3523,70,18350,5,3151,47,18337,0,212,0,3764,22200,4333,4055,102,22642,4994,8,85,18328
13,3523,377,1647,18347,5954,61141,263700,18365,484,4987,3143,18297,223,285,369,3510,69,18300,6,3808,41,22734,0,216,0,3811,22704,3633,3868,94,18317,4992,9,90,18333
14,3514,373,1631,18315,5886,59117,263850,18327,581,5038,3175,18518,217,299,373,3520,69,18338,6,3160,45,18387,0,204,0,3143,18299,4865,3875,98,18340,5001,8,88,18377
15,,,,,4706,70159,248850,22221,511,5001,3156,18363,202,320,377,3521,71,18346,5,3151,47,18335,0,257,0,3148,18325,4071,3590,117,18372,4987,9,90,18295
16,,,,,6891,58235,249150,22486,568,4992,3146,18319,244,282,378,3521,70,18343,5,3151,45,18326,0,237,0,3151,18326,5103,4129,100,18339,4993,8,92,18326
17,,,,,5960,61858,265500,18361,494,4992,3146,18319,246,280,382,3528,73,18377,5,3156,48,18356,0,173,0,3778,22304,4121,3864,98,18319,5007,9,86,18397
18,,,,,5874,57571,,18346,,,,,,,,,,,,,,,,,,,,,,,,5005,9,89,18387
19,,,,,,,,,,,,,,,,,,,,,,,,,,,,,,,,5000,8,88,18349
