,branch-instructions,branch-misses,bus-cycles,instructions1,cache-references,cpu-cycles,ref-cycles,instructions2,L1-dcache-load-misses,L1-dcache-loads,L1-dcache-stores,instructions3,LLC-load-misses,LLC-loads,LLC-store-misses,instructions4,branch-load-misses,branch-loads,dTLB-load-misses,instructions5,dTLB-store-misses,dTLB-stores,iTLB-load-misses,instructions6,node-load-misses,node-loads,node-store-misses,instructions7,mem-loads,mem-stores,instructions8,cache-misses,L1-icache-load-misses,LLC-stores,instructions9,dTLB-loads,iTLB-loads,node-stores,instructions10
0,72311,2118,8295,307985,7664,134882,269400,17457,1936,11301,7230,42329,376,528,929,4186729,1097,9358,301,42327,823,1067402,916,6629051,0,832,0,8117983,0,7229,42351,11716,9707,110,42443,11361,73,75,42527
1,55631,3864,15617,262557,330393,6376919,18405150,7818899,9062,67055,48966,262444,2563,4269,77,42360,3825,55459,795,261889,74,48911,580,262198,0,5872,0,262432,0,1054466,7781483,33839,32995,2307,262590,67184,650,1031,263182
2,329040,20268,58865,1455663,8667,84644,2582400,17506,9065,68308,49695,268026,2240,3804,974,264068,3898,56422,775,266619,73,49573,594,266759,0,2121,0,268996,0,48957,262249,140045,78629,75365,7794204,1778482,1469,26326,7777110
3,173272,13141,40777,775023,285385,4795721,1281000,7641722,9116,67121,48993,262812,2262,3809,1000,268362,3994,56276,791,266227,64,48865,593,261947,0,1944,0,261464,0,49845,269088,37196,33935,2280,268982,68439,831,1054,268695
4,65538,4506,17511,311808,7029,63719,2547000,17481,109757,1793611,1058590,7863320,2401,4165,1006,267165,3923,56638,785,267450,70,50636,598,272939,0,2364,0,273802,0,48853,261760,36564,33019,2327,262451,68791,689,998,268747
5,1359696,17788,47145,7545382,307912,5222202,2670000,7669055,10328,75513,54220,294788,5608,11133,1016,268086,19213,1392921,1729,7765536,118,383401,932,2695496,0,2133,0,262358,0,50856,275165,37204,33634,2260,268179,72263,669,1114,281986
6,56631,3865,15448,267461,298309,4386326,2484600,7632985,9003,66974,48888,262079,2078,1153,997,262421,3874,55314,775,261189,464,725013,774,5409957,0,369,0,47130,0,49982,268702,38396,34828,2224,269272,67232,689,988,263450
7,55392,3931,16354,262559,7739,84620,7779600,17505,9089,68222,49658,267584,2261,3741,28930,7573387,3900,56679,779,267493,70,49456,578,266350,0,6170,0,7633262,0,1047326,7696815,37000,33400,2207,268571,68597,668,963,269586
8,22671,2129,7891,101584,2581848,65138350,2480250,50836949,9057,67030,48914,262496,2281,25390,373,18275,3879,55609,790,262444,71,48846,580,261708,0,1954,0,267259,0,49600,267507,152089,80107,76321,7574028,1717181,1357,25813,7468069
9,323867,23692,86588,1398874,1961259,49009526,2719200,41492048,9085,68246,49661,267762,2257,544,76,267786,4115,57784,803,273436,70,49623,599,267604,0,1988,0,263866,0,49935,268270,38320,34621,2189,268424,68861,668,946,268663
10,123002,8428,33802,529506,1410464,31132161,2595900,27030296,110905,1726978,1035139,7519610,2269,3812,1009,262709,3854,55563,784,262181,81,48867,585,261984,0,1917,0,270170,0,49695,268138,39418,36148,2291,274887,68506,694,1055,268808
11,319300,22933,86990,1402485,343668,7242661,2399400,3638835,9763,71863,52009,280664,6308,3815,1377,268028,18805,1364144,1745,7542743,548,1068202,1378,7659305,0,1937,0,262270,0,48950,263135,33187,33031,2357,263176,67087,669,1091,262583
12,70685,2366,9466,301088,379786,4374872,2580300,2351708,8949,67116,48961,263381,442,3831,994,262380,3939,56666,774,267512,17,7222,214,42380,0,1929,0,272867,0,49594,267280,37013,33825,2248,267532,68429,699,983,268586
13,65142,4579,16928,281760,375835,3877401,6613500,1858695,107872,1712024,1026937,7458491,2237,3813,38,264109,3872,55442,777,261822,74,48791,586,261376,0,392,0,52211,0,1037394,7536305,37314,33117,2272,262240,68996,700,1029,269124
14,128539,7307,8625,578700,327494,3313547,2412150,1430922,766,4712,3006,17517,2257,3733,966,7483151,3928,56848,774,268294,72,49687,590,267749,0,6412,0,7372823,0,48768,261407,155565,81822,75371,7562756,1774668,1387,25497,7760225
15,37278686,880195,944254,182671684,108016,971537,2294850,375790,107649,1737414,1040158,7572074,2282,11045,41,42337,4144,56996,800,269672,77,48887,596,262289,0,1998,0,22538,0,49617,267397,36992,33453,2276,267899,68468,718,1072,268771
16,44622732,1043292,956530,220090476,30576,256896,2598600,98208,770,4718,3009,17522,1905,1164,970,262231,3919,56560,769,267026,72,51304,599,277237,0,1912,0,321942,0,48873,262434,37185,33585,2281,262781,67298,683,985,263779
17,12353919,381552,533686,63142805,385879,3940330,2405550,1826952,107630,1738679,1037952,7589278,2317,3869,35,268050,19444,1357061,1769,7543716,552,1075675,1456,7698731,0,2301,0,261567,0,49538,266891,36980,33690,2285,267693,68456,694,872,268898
18,4910099,205124,543607,24894733,95061,901559,2534700,360962,980,6357,4023,23098,5833,3823,62820,262313,3864,55334,782,261293,16,7254,214,42672,0,2274,0,268143,0,48834,261847,37017,33276,2323,262728,67287,705,956,263810
19,1530225,70752,181450,7592609,145908,1971447,180600,1278069,106405,1702155,1025214,7399258,880,3811,1282,267700,3956,56823,799,268050,76,49654,608,267334,0,2313,0,262336,0,8963,48972,36728,33421,2259,267566,70228,690,977,275103
20,9569,655,863,47204,622917,8609193,6417750,6476834,1786,11174,7145,41811,2337,3818,34,267359,3917,55692,796,262655,74,48875,581,262238,0,395,0,266825,0,991527,7242304,142372,77873,75731,7524284,1755967,1315,23445,7664523
21,1367784,17898,46441,7627105,502991,6819221,2524200,5883606,106861,1723054,1033191,7503664,2284,4103,1029,6537284,3984,56767,775,267780,72,49732,606,267913,0,6502,0,2426266,0,50595,273455,36895,33151,2117,262414,67209,673,1025,263358
22,73399,2730,11126,312654,171082,2231020,2426400,1792591,774,4747,3018,17626,2274,11024,1024,9043720,4080,56778,801,268819,78,48873,584,262027,0,1948,0,5174185,0,48867,261853,38543,35969,2985,273698,68496,702,1016,268994
23,55607,3796,12641,244134,290706,4712206,2621100,7728956,106550,1714986,1030383,7462686,2290,1187,1068,42396,19649,1383210,1802,7664872,580,1054080,1577,7641123,0,2337,0,263020,0,49689,268034,36608,32909,2232,261818,67320,684,1057,264033
24,8901193,211552,319822,44860074,8273,81532,2691450,17507,784,4724,3010,17524,2370,3979,40,268336,3942,56876,782,268497,6,3151,110,18381,0,2323,0,267761,0,50073,269370,36435,33983,2293,267850,68500,711,942,269116
25,34255812,782056,1097482,172967254,707518,15979272,2423700,15907457,107465,1724279,1033778,7508189,5929,3852,1101,262494,3860,55580,791,262317,76,48840,583,261805,0,2274,0,262076,0,49619,267282,38744,35204,2190,268494,67290,676,1000,263780
26,24159685,567103,965550,124148103,8240,137988,156300,21388,757,4758,3025,17769,877,3996,954,243986,3945,56693,780,267468,73,49654,587,267716,0,1798,0,267649,0,9137,48472,147163,78571,76060,7575483,1746115,1385,26055,7607990
27,4349803,186704,277393,22348894,1471617,33545779,6626100,26536202,108992,1658756,992671,7256730,2279,3934,27927,24409,3917,55771,782,263200,68,50065,605,269064,0,1413,0,263439,0,1047545,7754555,36587,33504,2065,266842,68405,712,967,268337
28,2177452,93607,155998,11184731,682321,21497341,2424300,11905946,109685,1751517,1042960,7628620,2284,3935,22,238011,3873,56675,768,267405,72,49640,587,267472,0,9171,0,2198600,0,48848,261821,36266,34379,2815,262465,68975,715,1060,269069
29,10882,985,1016,53189,220174,7665282,2641050,3658239,108621,1729662,1037490,7528093,2371,11564,967,23876,18969,1358613,1789,7532373,572,1089518,1589,7882081,0,2064,0,5153073,0,49686,268215,36429,32654,2396,267038,68362,679,1012,268108
30,470963,3321,12286,2374098,27101,259304,2582550,104054,108121,1736455,1038999,7565043,2320,543,978,243977,3890,55526,787,261982,7,3146,109,18345,0,1407,0,267536,0,48821,261629,36699,32479,2348,262256,67363,668,977,263503
31,469792,2653,9245,2372442,386375,4635279,2403000,1960646,107718,1721256,1033860,7487226,2333,4135,1041,23956,4125,57844,798,273531,75,49482,593,266308,0,5391,0,262679,0,49720,268365,37197,34506,2364,267093,68402,699,994,268331
32,8609,1076,3746,38171,367715,4218082,2640000,1639671,108105,1719924,1030767,7489869,6336,3835,1094,7713835,3880,55577,797,262203,73,49617,599,266543,0,2314,0,267286,0,49952,268602,154099,79731,77057,7596104,1661312,1511,26213,7260771
33,469755,2718,9815,2372351,167856,2045019,147300,769020,108992,1679056,1003267,7339629,441,3864,101,1040137,3584,56738,783,267680,71,49499,593,266406,0,2325,0,262170,0,8856,47281,38529,34781,2294,268203,67071,682,921,262259
34,8584,1060,3754,38001,5287562,95757284,6782250,127515659,109326,1732680,1036901,7531091,2488,3853,384,18326,3570,55601,797,262298,71,48794,585,261534,0,2268,0,268477,0,1018642,7330494,36282,32837,2357,267486,68415,654,982,268367
35,479563,2633,18872,2416312,8886029,162930615,2405400,236285406,108136,1732929,1038170,7544833,2271,3931,1010,268298,18389,1360104,1748,7547326,578,1086366,1601,7816337,0,2299,0,2387376,0,49616,267636,36894,33142,2198,262597,68591,681,982,267602
36,8591,1114,1988,38075,3604294,69630387,2490900,89461032,108556,1737294,1039586,7569546,2277,11746,1071,262220,3582,56723,772,267612,7,3138,111,18328,0,2316,0,5212911,0,48891,262877,37412,33830,2385,268156,68415,743,1006,268149
37,479396,2673,10607,2415777,1095580,21649358,2537100,25827393,114181,1707918,1029330,7417099,2285,1160,27010,250042,3552,55666,785,262578,66,48747,596,260801,0,1457,0,305869,0,49215,264288,36197,32996,2132,261628,67090,706,905,262511
38,8594,1033,3038,38015,461941,9235050,2518050,10878380,,,,,2454,3478,323,24227,3602,56741,780,267724,72,49606,594,267257,0,5383,0,393311,0,48485,259552,149792,83017,76386,7554155,1767042,1580,26268,7702189
39,1622717,45958,101544,8792698,68140,593015,2449200,269032,,,,,6169,11942,810,262933,3594,55645,792,262489,75,48952,583,262591,0,2365,0,266881,0,49773,268767,34805,34170,2287,268559,68437,728,987,268418
40,7486395,216676,373687,36948445,64882,589298,1379850,267451,,,,,2232,527,982,267926,3622,56757,792,267804,75,49646,588,267261,0,2342,0,261831,0,327324,2383152,34548,33539,2279,263038,67184,711,933,263001
41,13108634,392912,592193,61084301,299809,5370988,5573850,7707702,,,,,2434,3216,935,7526558,18453,1366607,1772,7591750,564,1052976,1602,7562446,0,2250,0,268274,0,719145,5289811,34665,33392,2212,268431,68369,697,1111,268229
42,6273017,208923,351549,29778957,7974,102050,2389350,18315,,,,,1893,635,930,14320,3562,55598,785,262326,7,3146,110,18362,0,2428,0,262215,0,48740,261703,36689,33164,2295,263068,67171,625,858,262903
43,1075141,45800,116364,4895962,63937,584817,2502900,261814,,,,,427,3193,1016,262018,3928,58880,833,279106,74,50494,599,271976,0,2246,0,271015,0,49791,268730,35522,34064,2263,268543,68528,702,981,269088
44,63566,1903,4120,270654,65309,603942,2545950,272013,,,,,1891,619,1019,268275,3519,55561,777,262101,72,48923,577,262585,0,1404,0,7516262,0,48897,262517,148767,81431,75938,7695261,1723715,1380,27598,7484162
45,54730,3838,6242,239418,63456,607103,2515050,259262,,,,,423,3838,27098,262175,3931,56834,774,268205,218,194351,3068,1404505,0,5138,0,42523,0,50903,276064,33232,33485,2341,262562,67140,704,1099,262523
46,3530,398,1114,15597,62869,525574,2596200,267636,,,,,1894,3816,1018,274150,3874,55586,781,262245,79,53584,721,292606,0,2260,0,261328,0,49593,266471,12774,32919,2470,268090,68392,663,988,268168
47,37346488,898385,1460696,185896234,63862,558037,1391550,262066,,,,,406,3798,1020,263397,18638,1356030,1763,7517316,73,50078,585,269248,0,2323,0,267272,0,327331,2382920,18782,32297,2617,259620,67349,699,1027,263487
48,39772388,933694,1080685,201658936,309778,5206695,5460000,7523465,,,,,5881,11877,60,7525938,4073,57430,803,271354,579,1091064,1580,7914917,0,2741,,272663,0,707118,5085856,35496,33156,2306,268621,69780,730,990,272855
49,14372532,414811,467374,71024748,64535,582263,2445600,269518,,,,,428,532,945,267968,3816,55569,783,262137,7,3149,111,18308,0,2338,,267662,0,49659,268034,42278,41065,2991,315692,67089,711,1055,262514
50,4890833,202994,508046,24804997,59790,596306,1188750,262093,,,,,1899,3921,1000,273646,3915,56800,798,267953,77,48824,599,261777,0,5682,,261996,0,48954,262609,140877,73394,64569,7405570,1759064,1318,25739,7682516
51,1669761,78380,205791,8188236,61282,626741,2625600,273773,,,,,441,3908,1035,314681,3962,56761,812,268788,65,49616,598,267972,0,864,,7536723,0,49764,268433,34912,33374,2242,268483,70287,718,1053,274510
52,342997,23474,89988,1481841,59281,588171,2544150,262258,,,,,1885,3515,1091,262363,3825,56805,788,268091,73,48722,586,260961,0,2301,,42615,0,48863,261844,34391,31655,2280,262254,67140,678,1039,262748
53,886933,31985,101577,4202127,59744,593021,2425050,268045,,,,,423,625,1021,274059,18578,1361265,1719,7557186,75,49575,601,266913,0,1788,,267546,0,49777,268485,34580,33683,2189,267819,68450,749,1021,268281
54,1331340,44479,127073,7169345,309452,5325330,1474200,7484997,,,,,2313,3640,988,7581869,3644,55518,839,262003,576,1082706,1585,7765498,0,127,,268174,0,328164,2388670,37370,39378,17,3284,69002,700,983,268987
55,218475,14906,58746,940502,59188,593624,5432250,262938,,,,,2257,3902,27276,263676,2844,47380,473,224966,6,3144,116,18287,0,2306,,7131,0,711181,5181444,30564,29112,3216,271608,1841,9,45,15058
56,62415,4267,17456,268711,66445,5160,2315850,4808,,,,,2258,12140,938,267818,1282,10625,342,49754,68,49706,589,268050,0,1658,,308690,0,48894,262572,7986,11567,2608,245083,67412,1190,1341,255530
57,217741,15100,59123,942029,55766,793285,2513100,270754,,,,,5873,3870,2605,262878,3327,50358,626,238344,70,48868,587,262182,0,405,,8504584,0,49812,269044,139436,68653,147,71018,1720709,1364,25540,7479853
58,405133,27992,105999,1771096,10065,540980,2266200,239551,,,,,1660,4047,645,267703,586,5266,168,24140,69,49633,586,267645,0,1865,,18278,0,49863,267825,32211,27798,77330,7537430,60852,721,1032,239570
59,346452,23882,92005,1522511,54786,75420,2675400,23876,,,,,2306,3883,,262189,3538,51515,629,243847,68,48847,577,261960,0,417,,239853,0,50779,274720,2380,3598,2319,237790,6431,18,42,24131
60,62467,4376,16456,269874,11413,486632,2586900,244277,,,,,6274,3922,,8508855,586,5252,166,24092,2,834,46,7722,0,6356,,23910,0,50651,272430,33988,29837,97,24109,62241,723,1040,245550
61,295203,20409,74770,1287753,64863,100149,1372500,29133,,,,,439,3863,,6053266,3880,55552,786,262146,583,1083023,1643,7745789,0,430,,244044,0,327328,2383231,3000,5882,2404,249914,6423,15,37,24095
62,2706427,74238,75876,14047997,303098,602941,5088750,262023,,,,,1770,3806,,262304,19030,1355092,1770,7569393,65,44825,476,238544,0,1903,,24112,0,707026,5117825,37138,30488,107,29276,61032,644,960,240445
63,465106,2759,9681,2346739,62819,5260150,2369250,7583161,,,,,2315,3797,,268266,3336,51483,629,243637,12,4123,101,24129,0,423,,261752,0,49699,268228,36818,30980,2238,262695,6437,21,40,24162
64,906885,15443,33914,5303106,59169,601949,1634250,273165,,,,,2310,3843,,262532,586,5267,165,24184,65,45583,478,243822,0,1851,,268423,0,36092,197163,36638,31030,2346,269029,62143,680,981,245212
65,482325,3471,10806,2431162,51481,552479,1135500,262238,,,,,2393,12745,,268277,3275,50392,630,238423,10,4119,104,24124,0,411,,263010,0,13508,68541,22985,15615,2311,268364,6430,18,47,24128
66,3990,463,2520,17647,9444,511571,2129550,244020,,,,,2290,3893,,261965,580,5251,167,24085,67,44722,481,237570,0,2284,,7537987,0,45663,244303,120712,59665,853,2383431,60859,654,848,239498
67,464133,3317,10308,2346085,53767,96729,346950,24095,,,,,6796,3798,,7747080,3384,51533,626,243901,10,4113,104,24080,0,2326,,18640,0,4134,24220,31568,25757,77044,5235154,6428,33,55,24124
68,3965,495,2039,17518,9481,529456,2060250,243270,,,,,2297,3869,,273932,573,5254,166,24096,63,46759,484,251242,0,2256,,267381,0,44772,238005,4372,5857,2372,242603,1745541,1253,26486,7619727
69,473638,3315,10079,2389421,50517,79367,335850,24095,,,,,2348,3800,,268096,3503,51600,639,244970,11,4113,103,24095,0,5882,,263290,0,4113,24098,31859,25325,114,29074,69910,700,1033,273855
70,3995,511,2185,17666,8861,514953,2221650,243708,,,,,2980,4121,,268647,579,5252,164,24092,60,45410,488,241605,0,446,,244452,0,45668,244517,4756,4808,2226,237431,67191,713,1006,263364
71,473733,3361,31602,2389959,301565,79365,380700,24091,,,,,2323,12497,,262633,3959,56814,791,268034,523,1042259,1194,7569723,0,2267,,24591,0,4120,24127,32142,26270,75,24097,68527,686,945,269244
72,3961,489,2237,17493,59332,5141508,6052500,7519854,,,,,2431,3859,,267891,17946,1343247,1736,7420708,60,45424,491,242393,0,1943,,262748,0,999994,7332537,3730,4810,2248,243710,67227,646,1008,263481
73,52850,2053,30538,413688,62242,617849,3079350,262080,,,,,6649,3826,,8509012,3903,55452,787,261880,13,4124,104,24150,0,1883,,268385,0,59792,325530,35700,30442,81,24108,68520,698,940,269120
74,6819820,232429,387605,35648295,65111,612273,2493450,274355,,,,,2324,3830,,263825,3895,56794,786,267929,73,49912,595,268428,0,432,,7484516,0,49715,268417,36162,30584,2436,262386,1704576,1338,25979,7409625
75,12025428,345351,655365,58514877,60121,696794,2560650,282638,,,,,2347,3607,,267762,3903,55611,790,262357,67,49581,588,267249,0,2323,,18359,0,48947,263095,24777,15565,2374,266874,67488,751,956,264411
76,8745439,283354,468809,43173215,61155,563994,2038350,267628,,,,,2346,3920,,262435,3936,56761,786,267783,69,48830,581,261900,0,2315,,271599,0,45648,244113,113079,60599,801,2339915,70246,677,919,275073
77,2467721,104539,179526,12185592,305222,618879,332250,266492,,,,,2252,3847,,267349,3878,55633,785,262439,69,49575,580,267032,0,6391,,267351,0,4055,23873,37060,33467,79413,5204993,67153,664,953,263125
78,532671,23203,83432,2421844,61987,5610327,2178600,7651413,,,,,2306,3865,,262863,709,8161,158,38936,504,1033252,1114,7455536,0,424,,261922,0,44863,238940,37567,33776,2401,261836,68773,704,1024,270134
79,5275,524,2555,23231,61169,605002,387450,273563,,,,,7151,12529,,7406582,18069,1293960,1668,7194478,68,48705,595,260633,0,2472,,267128,0,4055,23868,37253,33693,2234,267290,68943,686,1076,269239
80,279552,18884,73266,1247834,60232,606758,6177450,268609,,,,,2366,3310,,275829,3881,56569,777,267124,72,49587,591,267357,0,2317,,264626,0,1027946,7467434,36393,33195,2322,262140,13018,37,38,47022
81,291082,20818,79955,1275189,59768,576101,2541000,267563,,,,,2297,4045,,263597,3854,55593,791,262245,70,48898,581,262047,0,2317,,7323458,0,52821,286385,38389,34630,2378,267784,1718920,1358,26445,7495457
82,211885,15688,58046,918055,60181,600447,394050,262584,,,,,2350,3910,,268467,3920,56893,787,268349,74,49584,584,267155,0,2294,,18317,0,4055,23861,24526,15856,2386,267479,68495,754,1046,268787
83,3665,428,1899,16419,301497,552197,2490900,267737,,,,,2263,3728,,262036,4071,56628,803,267918,69,48841,589,261920,0,2348,,278563,0,49034,263202,63731,60979,846,2382732,67301,692,1021,263913
84,56634,3905,15887,267666,60116,5288819,2647050,7457876,,,,,2387,3668,,269103,3920,56876,790,268391,501,1021732,1084,7396791,0,6541,,207834,0,49814,268832,30560,34413,68208,5023856,68484,731,951,268971
85,250672,14938,50269,1099282,59687,568750,2519850,262641,,,,,5712,12546,,7552163,711,8629,159,41696,74,49670,585,267737,0,377,,269581,0,48945,262783,36638,30838,2443,266929,67235,698,1009,263423
86,317207,18737,69985,1410791,59923,577650,2692950,268354,,,,,1099,12147,,7521653,18042,1303566,1609,7229205,74,48841,586,262093,0,1372,,7387959,0,50546,273452,36278,31101,2368,261845,68575,707,1011,269446
87,1348812,18304,42386,7503869,60094,612333,6638100,263021,,,,,2327,12220,,6765158,4030,56412,809,267078,80,51273,597,277674,0,2437,,261244,0,1012806,7469140,35758,30510,2405,266291,13012,62,35,47054
88,4097,497,2387,18316,59176,563923,3279900,268308,,,,,7343,12250,,5617771,4038,56471,793,266608,73,48884,584,262154,0,2321,,267080,0,57707,313418,36506,31317,2356,260680,1706417,1534,27524,7431235
89,192296,6920,24487,839124,306155,568986,1430850,263032,,,,,2374,,,,3909,55662,787,262908,75,49636,580,267759,0,2290,,262143,0,49710,268062,156221,67555,2597,266606,67251,646,971,263441
90,8578393,210612,261263,42349949,61467,5205210,2592900,7598033,,,,,2466,,,,3905,56674,785,267751,525,1044861,1215,7608451,0,2280,,263550,0,49126,263936,11855,13125,78743,7384535,68578,713,994,269546
91,34086695,763710,841085,169084057,59599,632152,2387700,273627,,,,,2315,,,,3833,55370,785,261379,80,48978,595,262489,0,7202,,7619487,0,49694,267899,36851,31002,206,62639,67229,651,967,263565
92,25457653,581039,771998,127738761,59905,576201,2354100,262020,,,,,2296,,,,704,8789,191,45238,67,49528,592,266821,0,2337,,7548251,0,48950,262634,37343,31554,2396,262300,68532,693,960,269244
93,3634307,154270,361561,18650953,59259,604936,6567450,267789,,,,,2327,,,,17875,1290511,1581,7154537,71,48756,589,261065,0,2388,,7439965,0,1024292,7452622,36569,30439,2355,269090,67495,739,1020,264431
94,3615010,157503,402829,18368336,63455,559702,3033450,262053,,,,,7094,,,,3872,56659,788,267711,71,49537,592,266710,0,2265,,,0,56864,310078,36321,30975,2320,261656,11280,15,32,40831
95,1377072,18461,45263,7665402,305612,620875,2484300,272672,,,,,2094,,,,3877,55678,783,262724,74,48860,585,262142,0,2319,,,0,48946,262751,36932,30935,2412,267434,1660966,1332,26326,7272081
96,3958,489,2081,17495,59039,5220112,2491050,7567249,,,,,2310,,,,3958,56876,780,268265,518,1017568,1105,7436883,0,2287,,,0,49809,268960,141762,68512,2495,263526,68447,692,967,268595
97,564432,16337,65778,2594304,60014,567674,2386200,261093,,,,,2235,,,,3911,55559,773,262208,70,49570,579,266731,0,6689,,,0,48874,262579,10131,8054,77426,7440461,67248,706,918,263575
98,14199211,400068,683356,68607962,59690,613687,2397450,266919,,,,,2125,,,,3933,56863,788,268364,76,50514,601,270879,0,2281,,,0,49685,268415,37151,31048,139,42402,68398,705,926,268404
99,8643858,260031,353682,41346118,59694,571688,5708700,262512,,,,,2286,,,,2876,473216,482,2388300,75,49666,593,267740,0,2304,,,0,1028630,7485501,36763,30746,2359,267245,68946,659,1061,269281
100,2011950,79943,142091,9429212,59721,569029,2745150,267035,,,,,7208,,,,15864,899699,1333,5236775,74,48881,579,261742,0,2318,,,0,52182,281607,36320,31391,2268,261237,68449,687,1014,268744
101,271128,11631,37023,1234876,303146,592740,2335350,261355,,,,,2291,,,,3833,55439,776,261715,67,49630,584,267337,,2503,,,0,49676,267763,36852,31954,2433,267117,619047,175,429,2344177
102,6545,726,2682,29331,64758,5238631,2640450,7478035,,,,,2353,,,,3899,56538,786,266885,511,1039731,1119,7566109,,3200,,,0,48760,261553,36093,30697,2922,262137,1121818,1146,25349,5235897
103,6512,703,1116,29175,64477,573075,2416500,267440,,,,,2495,,,,3902,55584,775,262392,61,48714,584,260622,,6664,,,0,49569,267304,134853,66231,2316,267155,67154,683,942,262884
104,1356210,18283,39058,7514042,64805,575561,2547900,259398,,,,,1732,,,,3969,56666,777,267474,75,49586,586,267225,,2324,,,0,48862,262090,10877,8960,78422,7427166,70211,744,1014,274629
105,12975,1500,5174,58339,65045,614201,6538800,267003,,,,,1680,,,,3891,55597,786,262323,70,49914,591,268119,,2338,,,0,1034865,7520780,36541,30920,117,42397,67145,667,939,262928
106,55223,3838,14183,242305,64704,623401,2826900,262248,,,,,6892,,,,2843,472336,448,2384595,65,48909,587,263140,,2146,,,0,53693,291004,37965,32564,2349,261095,68449,713,1007,268615
107,1367993,18283,42761,7586576,302759,599158,2700000,267672,,,,,6738,,,,16285,887149,1302,5152731,506,1033392,1139,7455977,,2307,,,0,48803,261467,33131,30434,2406,271893,67107,682,983,262713
108,3960,496,2742,17524,59573,5293093,2634450,7563692,,,,,6872,,,,3917,56523,779,266950,496,1040805,1100,7603009,,6817,,,0,49610,267699,36352,31026,2218,262622,628985,167,448,2385582
109,12414002,306925,485260,63117065,60742,574812,2643900,262611,,,,,6421,,,,3833,55387,771,261428,515,1044371,1148,7637346,,6801,,,0,49906,268340,36625,30784,2497,266764,1100518,1392,25249,5145371
110,10024270,304213,532237,48084041,65325,606794,2419500,268303,,,,,,,,,4184,57857,791,274136,,,,,,6325,,,0,49731,267909,138787,67279,2377,261065,70095,682,1034,274377
111,6637480,216006,500952,31684502,65355,617711,6373500,262704,,,,,,,,,3907,55573,782,262219,,,,,,,,,0,994282,7258216,11900,9110,79145,7194062,67299,685,1084,263752
112,1065630,42376,115473,4850068,65230,602773,2732250,267920,,,,,,,,,3856,56006,770,263709,,,,,,,,,0,52181,281767,36518,31211,117,42317,67451,735,934,265020
113,16190684,379156,487045,80381371,10114,591093,2471250,262404,,,,,,,,,2797,433640,468,2170350,,,,,,,,,0,49681,267683,36475,30764,2448,266989,628594,162,445,2383121
114,29134045,641536,809374,150456703,294003,172744,2387550,48519,,,,,,,,,15481,888557,1271,5149623,,,,,,,,,0,48898,261932,38174,32353,2310,262700,1109079,1314,26175,5195530
115,22393561,520683,699203,115158602,64522,4956809,2346900,7476810,,,,,,,,,9621,979778,1114,4906326,,,,,,,,,0,49064,263815,144486,72628,2393,269923,628481,172,433,2382581
116,4362379,186302,495611,22411262,64786,604802,6717000,268041,,,,,,,,,9176,375722,802,2580014,,,,,,,,,0,994155,7274401,6929,3764,78058,7530989,1111691,1242,27027,5210056
117,3607366,155503,405477,18341143,65417,644844,337950,268920,,,,,,,,,17655,1347340,1474,7477100,,,,,,,,,0,3006,17493,145636,76263,48,17442,1108664,690,28200,4603313
118,1404982,19455,109108,7868507,65018,622411,6628350,268681,,,,,,,,,1067,9190,288,41410,,,,,,,,,0,1034332,7480985,7510,4197,76901,7493806,620165,711,352,2921413
119,12956,1377,6323,58258,65884,586942,6190350,262368,,,,,,,,,,,,,,,,,,,,,0,1036393,7526048,141165,76167,57,17537,,,,
120,1385769,18623,41545,7721624,10154,586290,,268177,,,,,,,,,,,,,,,,,,,,,,,,6855,3686,77351,7416315,,,,
121,4017,492,1855,17818,293604,165514,,47383,,,,,,,,,,,,,,,,,,,,,,,,,,47,17454,,,,
122,1361213,18442,39125,7563466,65466,5060505,,7481144,,,,,,,,,,,,,,,,,,,,,,,,,,,,,,,
123,3961,494,2128,17507,64606,593742,,263264,,,,,,,,,,,,,,,,,,,,,,,,,,,,,,,
124,,,,,65445,588225,,266732,,,,,,,,,,,,,,,,,,,,,,,,,,,,,,,
125,,,,,45486,589502,,262059,,,,,,,,,,,,,,,,,,,,,,,,,,,,,,,
126,,,,,16896,410810,,224771,,,,,,,,,,,,,,,,,,,,,,,,,,,,,,,
127,,,,,54626,158823,,44040,,,,,,,,,,,,,,,,,,,,,,,,,,,,,,,
128,,,,,10150,512867,,238028,,,,,,,,,,,,,,,,,,,,,,,,,,,,,,,
129,,,,,10001,83733,,23861,,,,,,,,,,,,,,,,,,,,,,,,,,,,,,,
130,,,,,357112,166702,,46938,,,,,,,,,,,,,,,,,,,,,,,,,,,,,,,
131,,,,,10047,5593965,,7780435,,,,,,,,,,,,,,,,,,,,,,,,,,,,,,,
132,,,,,54338,83191,,23877,,,,,,,,,,,,,,,,,,,,,,,,,,,,,,,
133,,,,,10336,483564,,239269,,,,,,,,,,,,,,,,,,,,,,,,,,,,,,,
134,,,,,54702,87143,,24305,,,,,,,,,,,,,,,,,,,,,,,,,,,,,,,
135,,,,,9858,491211,,244253,,,,,,,,,,,,,,,,,,,,,,,,,,,,,,,
136,,,,,64413,81364,,23931,,,,,,,,,,,,,,,,,,,,,,,,,,,,,,,
137,,,,,68102,567246,,262255,,,,,,,,,,,,,,,,,,,,,,,,,,,,,,,
138,,,,,39811,591759,,275450,,,,,,,,,,,,,,,,,,,,,,,,,,,,,,,
139,,,,,324709,1431446,,2383052,,,,,,,,,,,,,,,,,,,,,,,,,,,,,,,
140,,,,,,4392332,,5421736,,,,,,,,,,,,,,,,,,,,,,,,,,,,,,,
