,branch-instructions,branch-misses,bus-cycles,instructions1,cache-references,cpu-cycles,ref-cycles,instructions2,L1-dcache-load-misses,L1-dcache-loads,L1-dcache-stores,instructions3,LLC-load-misses,LLC-loads,LLC-store-misses,instructions4,branch-load-misses,branch-loads,dTLB-load-misses,instructions5,dTLB-store-misses,dTLB-stores,iTLB-load-misses,instructions6,node-load-misses,node-loads,node-store-misses,instructions7,mem-loads,mem-stores,instructions8,cache-misses,L1-icache-load-misses,LLC-stores,instructions9,dTLB-loads,iTLB-loads,node-stores,instructions10
0,4757862,41182,190674,23025059,322691,16308477,28443450,23097697,216182,5862280,3620181,23109968,39108,19067,8014,24997595,41985,4778354,5326,23127943,168,3624591,4672,23138464,0,12905,0,26036343,0,3621668,23118741,151579,714078,45629,23301173,734640,39,2861,2989405
1,4742641,40917,185808,22955210,314524,16293092,30610800,23007234,214772,5839766,3605328,23029245,26308,32891,10651,23035634,41015,4756031,5305,23031663,138,3613826,5030,23072873,0,26982,0,16589174,0,3615885,23087018,153012,716056,44591,23245058,5191475,228,6234,20373918
2,4751187,40847,188690,22998755,314112,16329242,28410450,23067990,216951,5851410,3613999,23070066,21136,36105,17861,12544332,41555,4750757,5331,23011285,142,3605120,4848,23025607,0,20831,0,30654876,0,3607067,23039563,161238,711955,44459,23236611,1452128,152,3502,5717643
3,4746061,41151,169126,22980358,350251,16386307,30241500,23062923,216308,5848422,3612369,23057142,20992,42021,10999,23107215,41253,4755863,5311,23014217,131,3602956,4975,23005647,0,25720,0,20972163,0,3594909,22955644,169277,718110,51542,23220372,4460748,372,5016,17593360
4,4731559,41661,197858,22916646,313486,16192413,28856400,22983278,212300,5835013,3601346,23008502,24559,45049,8336,18096355,41049,4746248,5271,22972151,43,441163,633,2860931,0,16992,0,23226722,0,3594543,22963999,167411,716706,51617,23148357,2143347,188,4361,8385459
5,4744849,41110,188301,22966417,314012,16271956,30556950,22963997,230364,5827475,3599413,22976112,17603,35727,10208,33397320,40827,4749556,5341,22990101,102,3150988,4358,20081022,0,24030,0,36431885,0,3601901,22989051,157996,714669,43970,23146494,3763879,477,4257,14904540
6,4744548,41059,202214,22963622,315441,16231943,28342950,22850141,210152,5814983,3591104,22934135,21797,36059,19927,12930586,41128,4750954,5308,23004033,56,717512,1020,4571995,0,38119,0,23001010,0,3602713,22994652,166761,721192,51604,23115917,3388997,211,5521,13353956
7,4747267,41502,189491,22978510,325014,16288189,28035600,23007795,214448,5833486,3602922,22997550,19009,55232,6053,22946772,41400,4746719,5308,22974366,83,2886039,3978,18428039,0,24681,0,32382372,0,3594364,22955563,164802,717226,50649,23166190,2515029,492,3065,9917878
8,4754498,42067,410915,23014829,319971,16212022,30122250,22990929,225852,5833260,3602827,22996588,22761,37314,6772,22929423,40912,4748018,5248,22981185,76,1282600,1479,8115249,0,25023,0,22955707,0,3602657,22995421,169436,709760,51868,23185817,4490637,200,6761,17666856
9,4744693,41183,198566,22965782,317450,16184704,28312950,22914390,230029,5803547,3586240,22889405,22804,37110,6647,22937087,40931,4741285,5297,22953826,77,2320592,2862,14882790,0,21260,0,14764685,0,3583173,22877657,169872,721451,51166,23190625,1411710,235,1845,5595949
10,4746754,40845,187653,22975358,365543,16479600,28108800,22989588,215111,5839906,3605449,23022869,16020,38119,14504,31557794,41504,4749457,5345,22988398,116,3173183,4512,20220729,0,30290,0,22996298,0,3596720,22941538,166664,702313,51937,23230943,5885490,349,8403,23204685
11,4733777,41345,187418,22927935,357678,16194118,28088400,22925316,214444,5825563,3596327,22970765,18321,40222,10164,22782190,41291,4751318,5276,22997764,28,421646,540,2732961,0,20718,0,33908854,0,3602182,22997612,158041,716606,45031,23230553,5891195,196,8991,23223343
12,4749417,40777,188821,22988109,315928,16325632,30351900,22988599,245131,5838129,3604445,23013719,19262,55263,5897,22929950,41079,4744543,5318,22963906,136,3594794,4939,22937654,0,31453,0,22946631,0,3594868,22958054,158404,717170,44531,23210186,5889321,287,8932,23219187
13,4724639,41279,202133,22901257,1818,30900,28506450,10217,231091,5833715,3601966,22994613,22519,36909,6977,22872176,40711,4745669,5302,22969978,136,3591685,4988,22940591,0,24699,0,24350116,0,3604216,23007495,167098,718321,49904,23226565,5885037,135,9001,23202265
14,4742079,40608,189522,22952226,351062,16241027,27684300,22982562,236080,5828646,3597434,22979415,13796,38005,13047,33347780,40650,4712221,5254,22846276,146,3601161,4676,22985890,0,19871,0,22947960,0,3590018,22937310,158534,713104,45470,23248563,5887380,275,9131,23209008
15,4748529,40998,185790,22983984,70946,2136300,21198300,2797133,230990,5814819,3593779,22928807,24640,57917,6590,22904892,41771,4750821,5327,22995361,135,3443308,3891,21909100,0,21583,0,36893505,0,3604699,23008352,157388,718147,44730,23163745,5892506,212,9036,23232321
16,4719522,40530,190990,22871388,242492,14131261,29997000,20165409,210100,5820756,3593009,22950311,22262,37900,6990,22919893,41790,4754794,5490,23012980,15,165469,160,1123654,0,40788,0,23001309,0,3596362,22950722,157991,711041,45026,23229559,5896557,320,9120,23244602
17,4741054,40548,188338,22957435,96097,3474744,28350000,4877042,262300,5835657,3603699,23005330,20606,36180,6195,22834867,40847,4743331,5309,22957314,145,3596656,4685,22969818,0,20743,0,31421512,0,3593046,22942607,159458,708774,43570,23220249,5878352,195,8828,23178291
18,4750132,40911,201418,22996320,260858,12722077,28151100,18115037,209277,5835086,3603474,23001372,27112,38207,8013,21512340,40632,4744503,5257,22962908,138,3600538,5000,22984590,0,25628,0,22995286,0,3600159,22974144,157862,713024,45239,23229615,5896301,198,9047,23243843
19,4740178,40782,189035,22945194,169700,8094063,27880350,11405643,231150,5815436,3591705,22931836,24155,35354,7141,22924048,40630,4743436,5303,22957636,146,3593561,3786,22952083,0,24710,0,15182414,0,3588464,22879651,160656,709931,46638,23244614,5886821,239,8696,23205141
20,,,,,171409,8461046,,11511413,,,,,,,,,,,,,135,3603565,5066,23001811,,,,,,,,,,,,5890333,203,8754,23223448
21,,,,,278655,14775950,,21054715,,,,,,,,,,,,,119,3321675,4227,21156848,,,,,,,,,,,,5882465,260,9100,23190574
22,,,,,38723,1442052,,1974913,,,,,,,,,,,,,31,285296,293,1867903,,,,,,,,,,,,5884971,241,8912,23203445
23,,,,,317247,16162061,,23001363,,,,,,,,,,,,,135,3594073,5452,22952292,,,,,,,,,,,,5892171,311,9145,23228485
24,,,,,312411,16095123,,22879111,,,,,,,,,,,,,139,3603410,4544,23006132,,,,,,,,,,,,5894242,176,9080,23234228
25,,,,,,,,,,,,,,,,,,,,,134,3593334,4933,22951022,,,,,,,,,,,,,,,
