,branch-instructions,branch-misses,bus-cycles,instructions1,cache-references,cpu-cycles,ref-cycles,instructions2,L1-dcache-load-misses,L1-dcache-loads,L1-dcache-stores,instructions3,LLC-load-misses,LLC-loads,branch-load-misses,branch-loads,dTLB-load-misses,instructions5,node-load-misses,node-loads,mem-loads,mem-stores,instructions8,cache-misses,L1-icache-load-misses,LLC-stores,instructions9,dTLB-loads,iTLB-loads,node-stores,instructions10
0,882,136,121,3958,431,5601,69300,1963,744,7085,4445,25933,28,390,75,403,10,1955,0,47,0,993,6734,67,651,13,1963,38098,1,87,134875
1,5167,150,1002,28132,1734,12096,21600,3926,205,1674,1071,6168,14,694,74,405,10,1963,,,0,352,1963,5544,4083,531,301212,984,1,9,3740
2,405,74,256,1963,1669,12241,95100,3926,528,4806,2909,18342,15,36,75,405,10,1963,,,0,1266,7838,1089,1338,55,10791,3045,0,8,10797
3,405,76,173,1963,1363,9017,26850,2754,2574,27480,18318,98556,18,72,436,3989,87,19648,,,0,352,1963,1290,1139,9,3745,986,0,7,3745
4,405,77,201,1963,985,14017,43500,5889,102,688,438,2426,4,35,135,882,13,3958,,,0,2475,16394,6351,3911,682,489991,41075,2,299,139130
5,2167,217,308,11339,2754,60644,1718850,35003,110,986,633,3745,47,116,129,846,18,3745,,,0,54150,325157,1224,1115,10,3745,70331,4,415,248176
6,846,137,362,3745,761,7032,58650,1963,111,986,633,3745,28,135,133,846,18,3745,,,0,789,4378,611,1374,21,5364,688,0,6,2424
7,174046,1731,4281,602194,1776,12748,55950,5190,767,9409,6008,33514,73,216,2038,154346,505,675329,,,0,633,3745,352,665,12,1963,38208,1,28,218964
8,20582,392,1569,120979,25309,352311,83400,175155,10468,68078,4582,394773,,,132,847,18,3751,,,0,4100,22848,61,585,7,1963,6427,1,50,23864
9,53446,1269,8735,380453,20981,1218731,642750,306243,124,986,633,3745,,,198,1130,17,5355,,,0,4096,280816,1017,1316,57,9376,988,0,9,3751
10,882,134,343,3958,21182,1032635,53400,281844,340,3043,2026,10791,,,284,3064,52,15607,,,0,633,3745,1443,1127,18,3745,230882,36,1239,815359
11,846,137,351,3745,1826,12537,79800,3745,114,1370,831,5710,,,77,405,10,1963,,,0,2026,10791,16492,14428,1050,306727,986,0,7,3745
12,3555,139,178,19284,7502,103072,51000,95952,5847,223753,139540,789929,,,630,90035,207,289300,,,0,633,3745,773,790,8,2424,85388,8,441,417328
13,26542,1507,5063,144762,1687,10953,73950,3746,98,1034,665,3958,,,129,2018,33,10791,,,0,980,5851,13447,2162,70,287532,986,1,8,3745
14,13275,296,457,77909,1863,12860,28650,3745,12409,102702,28090,498481,,,71,846,17,3745,,,0,352,1963,393,635,12,1963,688,0,8,2426
15,15104,778,1832,95280,29799,292263,54000,422625,82,688,438,2423,,,720,98808,236,318590,,,0,850,5353,1188,2241,51,13361,70055,5,267,247232
16,147253,2403,17664,610367,1848,11138,23100,3745,347,2393,1595,9503,,,323,3781,105,24323,,,0,352,1963,88,606,7,1963,986,0,8,3745
17,25788,750,10149,163121,50848,547065,70950,679183,301,2646,1758,9376,,,136,846,18,3745,,,0,4454,24095,795,1355,61,9376,1559,0,6,5640
18,3621,295,261,17260,19066,506044,49650,660833,110,986,633,3745,,,229,2160,45,10195,,,0,633,3745,1191,1147,11,3751,3247,0,8,11495
19,810,154,348,3926,1858,12656,52350,3745,7069,45808,3175,265104,,,133,1762,34,9376,,,0,633,3745,16513,1015,134,437583,988,0,8,3751
20,405,83,157,1963,11501,115046,201900,182325,108,986,633,3745,,,133,846,18,3745,,,0,6444,41490,1205,1081,10,3751,56503,0,25,325813
21,1215,186,406,5889,21337,217640,53250,335803,153,1323,855,5379,,,140,873,19,3901,,,0,633,3745,1225,1109,10,3751,1674,0,11,6166
22,1237,69,311,6546,3533,25638,255600,10239,112,986,633,3745,,,132,846,18,3745,,,0,3944,318018,4347,3635,462,253778,52730,0,20,305143
23,1668,159,565,8283,7221,64815,51300,32686,8913,57348,4705,330735,,,359,43115,105,139084,,,0,633,3745,1096,1021,12,8548,986,0,9,3745
24,405,74,37,1963,916,8843,767550,1969,65,573,352,1963,,,527,35763,118,258857,,,0,44292,249809,16821,868,53,396883,73179,2,566,258539
25,106243,738,1737,341310,2447,15719,57600,5790,98,573,352,1963,,,130,846,20,3745,,,0,634,3751,11623,2101,80,264496,1014,0,9,3901
26,1755,227,141,8744,5789,47072,56250,19117,253,2646,1758,9376,,,134,846,18,3745,,,0,633,3745,516,565,38,3745,3043,0,8,10794
27,142375,2098,3880,498285,1803,12814,745500,3745,111,986,633,3745,,,133,2019,35,10797,,,0,6702,323276,2938,6945,149,51070,986,0,8,3745
28,846,128,91,3745,30829,285553,57750,332187,113,986,633,3745,,,134,847,18,3751,,,0,633,3745,28516,1658,52,658639,3043,0,8,10791
29,3888,408,395,18761,910,6837,57300,1963,113,986,633,3745,,,274,2815,46,13453,,,0,634,3751,468,3181,150,17997,988,0,8,3751
30,317404,2731,8866,1781337,7475,58069,1346550,20265,9846,69863,5750,405215,,,139,3298,36,17866,,,0,14511,395192,741,1329,69,9376,110913,1,417,589134
31,1681,226,168,8524,1802,13122,41400,3745,475,2813,684,14468,,,71,846,18,3745,,,0,1035,6196,1220,928,12,3751,986,0,7,3745
32,2018,129,144,10791,1765,13488,54900,3745,111,986,633,3745,,,136,846,18,3745,,,0,633,3745,1207,991,11,3751,690,0,9,2432
33,846,133,92,3745,10410,83658,54450,25487,1260,71280,44266,251626,,,1174,139540,337,449250,,,0,633,3745,32330,14128,481,438324,6980,1,65,24436
34,81798,497,1465,262798,917,6103,1107750,1963,108,986,633,3745,,,577,75227,171,241945,,,0,53195,300963,763,669,10,2426,986,0,7,3745
35,38774,1458,7152,249130,941,7243,658500,1963,766,6342,4213,23341,,,762,81856,191,264782,,,0,3951,269597,1226,983,10,3751,986,1,8,3745
36,20674,753,7915,134552,626,17476,77100,4048,169,1324,856,5384,,,131,847,18,3751,,,0,2026,10791,13293,693,159,349796,75684,2,428,267058
37,500,99,155,2426,19135,184763,52200,326748,106,986,633,3745,,,1843,146057,431,625157,,,0,633,3745,4095,3681,465,252611,988,0,7,3751
38,846,140,290,3745,5731,60108,35850,19283,10229,72971,6346,420190,,,131,846,18,3745,,,0,2969,16366,1218,1135,11,3745,20523,1,16,116168
39,88072,2565,19917,523951,2708,31976,101400,6166,17721,115260,16746,628456,,,131,2018,32,10791,,,0,1472,8890,1303,1102,12,3745,3043,0,7,10791
40,100269,1337,5840,332950,1795,12753,51150,3745,116,986,633,3745,,,133,846,18,3745,,,0,856,5384,625,1710,137,10842,13650,6,43,48750
41,3555,144,530,19284,10857,248867,23850,307320,1509,81865,51375,288486,,,1043,123820,305,402169,,,0,352,1963,468,1411,33,5690,2995,0,8,12466
42,846,138,326,3745,20015,246635,53400,349171,107,986,633,3745,,,131,846,18,3745,,,0,633,3745,14489,6172,492,492026,573,0,1,1963
43,3310,287,745,15761,1768,11957,973350,3745,388,5427,3635,19290,,,237,2395,46,11337,,,0,51870,301284,898,1044,32,3745,573,0,2,1963
44,17016,613,783,93315,22745,188861,48300,354689,111,988,634,3751,,,76,405,9,1963,,,0,633,3745,14671,907,78,343682,573,0,2,1963
45,282673,3151,22232,1922383,1924,13347,648600,3751,10233,75262,10147,418496,,,32,405,4,1963,,,0,3329,276413,1369,1065,12,3751,573,0,1,1963
46,79448,1851,10503,574808,1837,13158,53250,3751,107,986,633,3745,,,132,846,18,3745,,,0,633,3745,1382,3196,246,25130,3071,0,8,10947
47,77796,1260,2650,394467,15692,151091,82500,271530,303,2631,1541,9352,,,2412,135954,332,548159,,,0,4853,26898,174,1029,37,5384,986,0,8,3745
48,16883,454,1183,92178,3843,41443,53100,12066,65,573,352,1963,,,234,1347,18,6169,,,0,634,3751,43,651,6,1963,986,0,5,3745
49,5252,252,830,27497,941,5962,58500,1963,11167,75098,5106,436067,,,1318,104466,311,343609,,,0,633,3745,17650,4783,440,571440,5249,0,48,19722
50,2379,274,698,12129,932,7151,760350,1963,355,3584,2303,15055,,,,,,,,,0,3455,305030,1265,1066,11,3745,984,0,8,3740
51,,,,,935,7203,597900,2125,57,573,352,1963,,,,,,,,,0,15008,85879,1224,1077,15,3751,77803,0,18,451114
52,,,,,913,6468,26250,1963,304,3219,2110,11339,,,,,,,,,0,352,1963,1085,1929,221,13483,3043,0,10,10791
53,,,,,7039,159789,1150500,57427,107,986,633,3745,,,,,,,,,0,82388,442527,1146,1350,61,9376,988,0,8,3751
54,,,,,1842,13145,489450,3751,250,3043,2026,10791,,,,,,,,,0,3381,228146,1217,1154,10,3901,30510,11,28,174058
55,,,,,23760,240268,799950,418762,111,986,633,3745,,,,,,,,,0,4924,421140,14024,2007,80,323989,34388,0,20,198231
56,,,,,2655,19886,1287150,10791,265,3071,2039,10947,,,,,,,,,0,62655,351120,1258,1072,12,3751,988,0,10,3751
57,,,,,1855,13110,54600,3751,108,988,634,3751,,,,,,,,,0,633,3745,9711,1044,48,237484,71570,1,382,252474
58,,,,,1815,16688,100350,3745,9163,64730,5075,376374,,,,,,,,,0,8446,45514,7774,1447,37,131629,986,0,7,3745
59,,,,,15769,158972,57450,275876,1319,73179,44544,258552,,,,,,,,,0,634,3751,1267,1088,10,3751,1498,1,8,5595
60,,,,,1788,13398,1236600,3745,109,988,634,3751,,,,,,,,,0,12870,305917,4291,3658,504,251888,46738,0,18,271434
61,,,,,8276,187613,33000,247167,7486,53972,3864,311480,,,,,,,,,0,438,2426,1292,1081,11,3745,986,1,8,3745
62,,,,,1875,13836,651750,3745,108,986,633,3745,,,,,,,,,0,3259,293605,31360,16273,487,372215,9315,0,52,34119
63,,,,,3325,35871,53850,11331,582,4913,3245,18408,,,,,,,,,0,634,3751,374,433,9,2426,986,0,8,3745
64,,,,,10433,96855,52200,141825,107,986,633,3745,,,,,,,,,0,3439,19201,661,1111,10,3740,79658,0,358,417341
65,,,,,16775,152131,,297597,11440,73892,5124,429166,,,,,,,,,,,,9479,976,78,222719,988,1,8,3751
66,,,,,2426,36547,,27771,114,988,634,3751,,,,,,,,,,,,1282,2364,221,20551,688,0,8,2426
67,,,,,1779,13653,,3751,3529,25563,2570,144666,,,,,,,,,,,,298,674,15,1963,988,0,8,3751
68,,,,,3252,31170,,25689,65,573,352,1963,,,,,,,,,,,,307,875,31,5722,77921,5,554,275151
69,,,,,1806,13597,,3745,362,3219,2110,11339,,,,,,,,,,,,7330,10292,478,168301,3844,2,7,15631
70,,,,,1765,12656,,3745,112,986,633,3745,,,,,,,,,,,,74,422,11,1963,72629,7,29,421906
71,,,,,9363,204963,,264823,180,1521,975,5787,,,,,,,,,,,,4539,4951,671,278006,988,0,8,3751
72,,,,,1769,11599,,3745,68,573,352,1963,,,,,,,,,,,,1238,1080,10,3751,53839,1,23,307870
73,,,,,24798,213417,,438176,6406,96057,53874,322126,,,,,,,,,,,,879,1290,62,10794,47563,13,35,273400
74,,,,,3839,41930,,16210,157,1229,784,4519,,,,,,,,,,,,1252,1090,9,3745,984,1,5,3740
75,,,,,940,7055,,1963,59,573,352,1963,,,,,,,,,,,,1041,1733,187,11355,3728,0,35,14388
76,,,,,7010,140903,,56998,302,3219,2110,11342,,,,,,,,,,,,20570,26203,2267,316674,573,0,2,1963
77,,,,,3106,22698,,6328,107,986,633,3745,,,,,,,,,,,,1273,1112,13,3751,573,0,2,1963
78,,,,,2636,20460,,10794,9677,92268,23486,451743,,,,,,,,,,,,1614,1664,16,4836,56874,0,22,327639
79,,,,,18766,160449,,292436,51,690,439,2429,,,,,,,,,,,,11365,1910,42,232240,573,0,2,1963
80,,,,,2912,25245,,19281,106,986,633,3745,,,,,,,,,,,,1362,1136,13,3745,573,0,1,1963
81,,,,,1804,21156,,3745,573,6977,4453,24403,,,,,,,,,,,,874,1681,252,15550,986,1,6,3745
82,,,,,1769,12584,,3751,109,988,634,3751,,,,,,,,,,,,54,611,6,1963,988,0,8,3751
83,,,,,9950,203335,,249637,415,2815,684,14473,,,,,,,,,,,,3950,4824,481,254876,3406,0,49,13138
84,,,,,1760,16077,,3745,1362,70254,44252,247911,,,,,,,,,,,,1268,1088,9,3745,2646,0,6,9376
85,,,,,3464,36877,,10830,109,988,634,3751,,,,,,,,,,,,14684,1040,47,346789,71257,6,30,412320
86,,,,,888,6360,,1963,248,2310,1489,9129,,,,,,,,,,,,969,1377,83,10950,986,1,8,3745
87,,,,,873,6202,,1963,541,4366,3015,16706,,,,,,,,,,,,722,781,10,3745,57030,7,416,190468
88,,,,,4363,37209,,13121,60,573,352,1963,,,,,,,,,,,,791,1536,129,10132,1672,0,13,6160
89,,,,,1802,13018,,3745,446,4197,2763,14846,,,,,,,,,,,,324,660,12,1963,73996,6,716,261439
90,,,,,1724,13697,,3751,109,986,633,3745,,,,,,,,,,,,1100,1813,57,11339,986,0,7,3745
91,,,,,29048,321621,,457085,107,988,634,3751,,,,,,,,,,,,964,946,10,3745,65688,0,14,381609
92,,,,,1820,13917,,3745,111,986,633,3745,,,,,,,,,,,,2581,2702,131,24257,988,0,8,3751
93,,,,,1822,13584,,3745,210,1324,856,5384,,,,,,,,,,,,1294,1075,11,3745,988,0,8,3751
94,,,,,8429,206219,,245536,8587,122949,47709,554128,,,,,,,,,,,,12664,1058,67,301758,3523,0,33,13581
95,,,,,1773,13671,,3745,99,986,633,3745,,,,,,,,,,,,1241,1115,9,3745,2646,1,10,9376
96,,,,,3565,39834,,13522,111,988,634,3751,,,,,,,,,,,,4297,3644,491,252517,988,0,8,3751
97,,,,,2495,19782,,9379,806,7612,5112,28075,,,,,,,,,,,,817,1076,14,3745,9014,1,80,31622
98,,,,,1803,13333,,3751,114,988,634,3751,,,,,,,,,,,,1280,1103,10,3745,986,0,8,3745
99,,,,,21857,223163,,403720,167,1443,916,5357,,,,,,,,,,,,12498,792,50,290380,80396,2,334,422754
100,,,,,1955,14837,,5365,107,573,352,1963,,,,,,,,,,,,874,1561,175,11479,688,0,8,2423
101,,,,,25867,257301,,444528,59,573,352,1963,,,,,,,,,,,,334,642,12,1963,986,0,8,3745
102,,,,,,,,,1587,112160,71734,395198,,,,,,,,,,,,667,1456,75,11339,57114,0,24,330764
103,,,,,,,,,108,988,634,3751,,,,,,,,,,,,1221,1082,9,3745,76669,5,705,270978
104,,,,,,,,,9508,60590,4668,350668,,,,,,,,,,,,1267,1091,11,3745,1034,4,8,3958
105,,,,,,,,,109,986,633,3745,,,,,,,,,,,,9796,1706,107,214799,3043,0,8,10794
106,,,,,,,,,64,49805,3569,291402,,,,,,,,,,,,1295,1076,10,3751,986,0,11,3745
107,,,,,,,,,7071,1743,665,3958,,,,,,,,,,,,4217,3583,374,248453,986,0,11,3745
108,,,,,,,,,1138,69489,44171,245180,,,,,,,,,,,,1244,1075,11,3745,2743,0,33,10825
109,,,,,,,,,109,988,634,3751,,,,,,,,,,,,2885,2532,24,9129,573,0,2,1963
110,,,,,,,,,2077,29761,20194,111455,,,,,,,,,,,,710,1603,167,12114,573,0,2,1963
111,,,,,,,,,11035,160162,73649,684020,,,,,,,,,,,,83,630,6,1963,573,0,2,1963
112,,,,,,,,,136,986,633,3745,,,,,,,,,,,,4574,4871,368,256425,573,0,0,1963
113,,,,,,,,,1051,11171,7526,40778,,,,,,,,,,,,1289,1105,10,3745,2646,0,10,9376
114,,,,,,,,,108,988,634,3751,,,,,,,,,,,,18331,2222,70,388714,986,0,8,3745
115,,,,,,,,,7891,56111,4024,325446,,,,,,,,,,,,1013,1327,69,10791,986,0,8,3745
116,,,,,,,,,103,1315,850,5353,,,,,,,,,,,,788,1692,213,13450,68140,0,16,396975
117,,,,,,,,,1776,79904,49254,282159,,,,,,,,,,,,5943,10086,2392,524826,986,0,8,3745
118,,,,,,,,,109,988,634,3751,,,,,,,,,,,,2116,2884,163,14276,73316,2,548,258837
119,,,,,,,,,627,10189,6850,36267,,,,,,,,,,,,54,649,11,1963,986,1,8,3745
120,,,,,,,,,110,988,634,3751,,,,,,,,,,,,803,1757,210,36812,70589,6,327,365371
121,,,,,,,,,556,4233,2876,16144,,,,,,,,,,,,945,1142,18,3745,688,0,10,2423
122,,,,,,,,,56,573,352,1963,,,,,,,,,,,,1666,1469,8,5384,1443,7,6,5359
123,,,,,,,,,9474,67983,4837,393590,,,,,,,,,,,,806,1078,9,3745,573,0,0,1963
124,,,,,,,,,,,,,,,,,,,,,,,,32247,13271,380,433108,2646,0,8,9376
125,,,,,,,,,,,,,,,,,,,,,,,,9259,970,88,229131,986,0,8,3745
126,,,,,,,,,,,,,,,,,,,,,,,,722,684,11,2426,988,1,8,3751
127,,,,,,,,,,,,,,,,,,,,,,,,1177,2428,181,13545,1324,0,3,5384
128,,,,,,,,,,,,,,,,,,,,,,,,,,,,45739,0,21,264767
129,,,,,,,,,,,,,,,,,,,,,,,,,,,,178067,19,531,630507
130,,,,,,,,,,,,,,,,,,,,,,,,,,,,986,1,8,3745
131,,,,,,,,,,,,,,,,,,,,,,,,,,,,3604,0,33,13869
132,,,,,,,,,,,,,,,,,,,,,,,,,,,,15311,0,8,54488
133,,,,,,,,,,,,,,,,,,,,,,,,,,,,85805,3,397,303042
134,,,,,,,,,,,,,,,,,,,,,,,,,,,,986,0,9,3745
135,,,,,,,,,,,,,,,,,,,,,,,,,,,,3419,0,30,13163
136,,,,,,,,,,,,,,,,,,,,,,,,,,,,7410,0,14,26356
137,,,,,,,,,,,,,,,,,,,,,,,,,,,,64417,0,26,370258
138,,,,,,,,,,,,,,,,,,,,,,,,,,,,3043,0,8,10791
139,,,,,,,,,,,,,,,,,,,,,,,,,,,,986,1,8,3745
140,,,,,,,,,,,,,,,,,,,,,,,,,,,,57744,0,27,335730
141,,,,,,,,,,,,,,,,,,,,,,,,,,,,75366,6,308,389573
142,,,,,,,,,,,,,,,,,,,,,,,,,,,,70930,1,318,249511
143,,,,,,,,,,,,,,,,,,,,,,,,,,,,1674,1,18,6168
