,branch-instructions,branch-misses,bus-cycles,instructions1,410663559.0,366754304.0,302175737.0,298208203.0,203655214.0,302934581.0,387196880.0,412139414.0,284972076.0,285256445.0,191791603.0,286417594.0,375026978.0,370394520.0,413499261.0
0,50487979,105301,2358001,293437293,,,,,,,,,,,,,,,
1,53568101,102352,2380612,309337798,,,,,,,,,,,,,,,
2,52927167,105438,2364060,305653980,,,,,,,,,,,,,,,
3,13651911,32803,625774,78402531,,,,,,,,,,,,,,,
4,267546,608,72084,1205039,,,,,,,,,,,,,,,
5,267487,593,72567,1204736,,,,,,,,,,,,,,,
6,267877,717,71908,1206471,,,,,,,,,,,,,,,
7,266997,601,74255,1201963,,,,,,,,,,,,,,,
8,266474,534,72086,1199227,,,,,,,,,,,,,,,
9,267757,748,73152,1206015,,,,,,,,,,,,,,,
10,2772,340,1360,12316,,,,,,,,,,,,,,,
11,264297,264,71491,1189913,,,,,,,,,,,,,,,
12,3792,502,1868,17862,,,,,,,,,,,,,,,
13,264768,322,75148,1192759,,,,,,,,,,,,,,,
14,2771,349,1270,12318,,,,,,,,,,,,,,,
15,263664,185,37816,1186730,,,,,,,,,,,,,,,
16,10085,970,4269,51566,,,,,,,,,,,,,,,
