# started on Tue Feb  7 13:38:05 2023

     0.100136706,2130690,,cache-misses,100171414,100.00,,
     0.100136706,43416,,L1-icache-load-misses,100169791,100.00,,
     0.100136706,298303,,LLC-stores,100169056,100.00,,
     0.100136706,87353846,,instructions,100167565,100.00,,
     0.200359006,85884,,cache-misses,100222768,100.00,,
     0.200359006,212140,,L1-icache-load-misses,100222136,100.00,,
     0.200359006,15030,,LLC-stores,100222069,100.00,,
     0.200359006,2158469,,instructions,100221630,100.00,,
     0.300549860,37353,,cache-misses,100194747,100.00,,
     0.300549860,56209,,L1-icache-load-misses,100194682,100.00,,
     0.300549860,2261,,LLC-stores,100194554,100.00,,
     0.300549860,1416772,,instructions,100194597,100.00,,
     0.400734819,14348,,cache-misses,100187312,100.00,,
     0.400734819,27271,,L1-icache-load-misses,100187188,100.00,,
     0.400734819,1042,,LLC-stores,100187239,100.00,,
     0.400734819,156992,,instructions,100187184,100.00,,
     0.500915001,11584,,cache-misses,100184169,100.00,,
     0.500915001,27459,,L1-icache-load-misses,100184201,100.00,,
     0.500915001,1051,,LLC-stores,100184181,100.00,,
     0.500915001,160949,,instructions,100184238,100.00,,
     0.601065565,24712,,cache-misses,100156058,100.00,,
     0.601065565,82317,,L1-icache-load-misses,100156199,100.00,,
     0.601065565,4282,,LLC-stores,100156071,100.00,,
     0.601065565,450634,,instructions,100156068,100.00,,
     0.701250554,18729,,cache-misses,100189661,100.00,,
     0.701250554,35985,,L1-icache-load-misses,100189646,100.00,,
     0.701250554,1583,,LLC-stores,100189752,100.00,,
     0.701250554,210137,,instructions,100189747,100.00,,
     0.801409360,46865,,cache-misses,100162626,100.00,,
     0.801409360,582557,,L1-icache-load-misses,100162475,100.00,,
     0.801409360,34424,,LLC-stores,100162471,100.00,,
     0.801409360,3993608,,instructions,100162463,100.00,,
     0.901596651,73023,,cache-misses,100190150,100.00,,
     0.901596651,778797,,L1-icache-load-misses,100190062,100.00,,
     0.901596651,49967,,LLC-stores,100190101,100.00,,
     0.901596651,7227785,,instructions,100190131,100.00,,
     1.001772102,6788,,cache-misses,100177639,100.00,,
     1.001772102,44731,,L1-icache-load-misses,100177503,100.00,,
     1.001772102,2315,,LLC-stores,100177430,100.00,,
     1.001772102,279165,,instructions,100177389,100.00,,
     1.101940870,22137,,cache-misses,100175411,100.00,,
     1.101940870,68175,,L1-icache-load-misses,100175555,100.00,,
     1.101940870,4232,,LLC-stores,100175608,100.00,,
     1.101940870,2106101,,instructions,100175642,100.00,,
     1.202122681,256190,,cache-misses,100187353,100.00,,
     1.202122681,314998,,L1-icache-load-misses,100187455,100.00,,
     1.202122681,36218,,LLC-stores,100187426,100.00,,
     1.202122681,12116758,,instructions,100187387,100.00,,
     1.302309907,27529,,cache-misses,100191818,100.00,,
     1.302309907,62120,,L1-icache-load-misses,100192447,100.00,,
     1.302309907,2895,,LLC-stores,100192518,100.00,,
     1.302309907,1444903,,instructions,100192584,100.00,,
     1.402504665,22777,,cache-misses,100198615,100.00,,
     1.402504665,87447,,L1-icache-load-misses,100197991,100.00,,
     1.402504665,4295,,LLC-stores,100197915,100.00,,
     1.402504665,431503,,instructions,100197840,100.00,,
     1.502710949,26463,,cache-misses,100208170,100.00,,
     1.502710949,71814,,L1-icache-load-misses,100208145,100.00,,
     1.502710949,3346,,LLC-stores,100208280,100.00,,
     1.502710949,1461117,,instructions,100208381,100.00,,
     1.602888730,12206,,cache-misses,100185926,100.00,,
     1.602888730,34578,,L1-icache-load-misses,100186415,100.00,,
     1.602888730,1311,,LLC-stores,100186377,100.00,,
     1.602888730,203535,,instructions,100186349,100.00,,
     1.703097696,2192786,,cache-misses,121286013,100.00,,
     1.703097696,80002,,L1-icache-load-misses,121286176,100.00,,
     1.703097696,339141,,LLC-stores,121286145,100.00,,
     1.703097696,71773074,,instructions,121286184,100.00,,
     1.824393031,244707,,cache-misses,100228001,100.00,,
     1.824393031,64530,,L1-icache-load-misses,100227581,100.00,,
     1.824393031,34185,,LLC-stores,100227770,100.00,,
     1.824393031,10844525,,instructions,100227629,100.00,,
     1.924606743,3248574,,cache-misses,100218028,100.00,,
     1.924606743,62922,,L1-icache-load-misses,100218055,100.00,,
     1.924606743,524869,,LLC-stores,100218106,100.00,,
     1.924606743,111887060,,instructions,100218299,100.00,,
     2.024816130,4836298,,cache-misses,100664026,100.00,,
     2.024816130,44104,,L1-icache-load-misses,100664194,100.00,,
     2.024816130,856609,,LLC-stores,100664217,100.00,,
     2.024816130,191158463,,instructions,100664076,100.00,,
     2.125463349,298104,,cache-misses,100201318,100.00,,
     2.125463349,23764,,L1-icache-load-misses,100201194,100.00,,
     2.125463349,31468,,LLC-stores,100200919,100.00,,
     2.125463349,12785893,,instructions,100201222,100.00,,
     2.225674498,2617694,,cache-misses,100214298,100.00,,
     2.225674498,240335,,L1-icache-load-misses,100214444,100.00,,
     2.225674498,404760,,LLC-stores,100214428,100.00,,
     2.225674498,88603213,,instructions,100214123,100.00,,
     2.325863721,28085,,cache-misses,100196838,100.00,,
     2.325863721,48878,,L1-icache-load-misses,100196804,100.00,,
     2.325863721,2066,,LLC-stores,100196829,100.00,,
     2.325863721,254277,,instructions,100197254,100.00,,
     2.426078610,53017,,cache-misses,100214772,100.00,,
     2.426078610,142442,,L1-icache-load-misses,100214494,100.00,,
     2.426078610,6362,,LLC-stores,100214436,100.00,,
     2.426078610,1770557,,instructions,100214010,100.00,,
     2.526265557,21924,,cache-misses,100191576,100.00,,
     2.526265557,54248,,L1-icache-load-misses,100191448,100.00,,
     2.526265557,2138,,LLC-stores,100191435,100.00,,
     2.526265557,283470,,instructions,100191746,100.00,,
     2.626424736,67848,,cache-misses,100162874,100.00,,
     2.626424736,131042,,L1-icache-load-misses,100162760,100.00,,
     2.626424736,5489,,LLC-stores,100162728,100.00,,
     2.626424736,1865949,,instructions,100162473,100.00,,
     2.726610861,22446,,cache-misses,100197012,100.00,,
     2.726610861,43195,,L1-icache-load-misses,100198131,100.00,,
     2.726610861,1876,,LLC-stores,100198641,100.00,,
     2.726610861,235885,,instructions,100199408,100.00,,
     2.826846948,29931,,cache-misses,100235330,100.00,,
     2.826846948,47550,,L1-icache-load-misses,100234838,100.00,,
     2.826846948,2327,,LLC-stores,100234508,100.00,,
     2.826846948,308132,,instructions,100233763,100.00,,
     2.927036063,22769,,cache-misses,100192284,100.00,,
     2.927036063,47096,,L1-icache-load-misses,100191820,100.00,,
     2.927036063,1618,,LLC-stores,100191905,100.00,,
     2.927036063,230218,,instructions,100191882,100.00,,
     3.027222488,16045,,cache-misses,100189235,100.00,,
     3.027222488,29088,,L1-icache-load-misses,100189022,100.00,,
     3.027222488,986,,LLC-stores,100188752,100.00,,
     3.027222488,165276,,instructions,100188642,100.00,,
     3.127401469,36054,,cache-misses,100184367,100.00,,
     3.127401469,91132,,L1-icache-load-misses,100184517,100.00,,
     3.127401469,4095,,LLC-stores,100184565,100.00,,
     3.127401469,1618598,,instructions,100184559,100.00,,
     3.227606100,19594,,cache-misses,100208941,100.00,,
     3.227606100,47833,,L1-icache-load-misses,100209021,100.00,,
     3.227606100,2335,,LLC-stores,100209105,100.00,,
     3.227606100,279143,,instructions,100209211,100.00,,
     3.327764215,34497,,cache-misses,100164349,100.00,,
     3.327764215,240512,,L1-icache-load-misses,100164703,100.00,,
     3.327764215,14736,,LLC-stores,100164888,100.00,,
     3.327764215,1267787,,instructions,100165275,100.00,,
     3.427971088,29656,,cache-misses,100213910,100.00,,
     3.427971088,143042,,L1-icache-load-misses,100215228,100.00,,
     3.427971088,7843,,LLC-stores,100216518,100.00,,
     3.427971088,1857401,,instructions,100217179,100.00,,
     3.528200960,44235,,cache-misses,100230586,100.00,,
     3.528200960,575741,,L1-icache-load-misses,100229155,100.00,,
     3.528200960,44649,,LLC-stores,100227852,100.00,,
     3.528200960,4208744,,instructions,100227132,100.00,,
     3.628413751,22681,,cache-misses,100215853,100.00,,
     3.628413751,59622,,L1-icache-load-misses,100215716,100.00,,
     3.628413751,2734,,LLC-stores,100215461,100.00,,
     3.628413751,309209,,instructions,100215087,100.00,,
     3.728592243,29004,,cache-misses,100178773,100.00,,
     3.728592243,68247,,L1-icache-load-misses,100178412,100.00,,
     3.728592243,3259,,LLC-stores,100178414,100.00,,
     3.728592243,1572745,,instructions,100178387,100.00,,
     3.828765233,31713,,cache-misses,100181422,100.00,,
     3.828765233,119694,,L1-icache-load-misses,100181771,100.00,,
     3.828765233,5823,,LLC-stores,100181777,100.00,,
     3.828765233,604349,,instructions,100181827,100.00,,
     3.928957981,23009,,cache-misses,100194283,100.00,,
     3.928957981,65961,,L1-icache-load-misses,100193943,100.00,,
     3.928957981,2936,,LLC-stores,100193950,100.00,,
     3.928957981,1445328,,instructions,100193855,100.00,,
     4.029140327,14636,,cache-misses,100189821,100.00,,
     4.029140327,44348,,L1-icache-load-misses,100190524,100.00,,
     4.029140327,1714,,LLC-stores,100191258,100.00,,
     4.029140327,241015,,instructions,100192000,100.00,,
     4.129355257,26906,,cache-misses,100410344,100.00,,
     4.129355257,49404,,L1-icache-load-misses,100410245,100.00,,
     4.129355257,2135,,LLC-stores,100409743,100.00,,
     4.129355257,1382248,,instructions,100409441,100.00,,
     4.229745541,22344,,cache-misses,100207895,100.00,,
     4.229745541,63042,,L1-icache-load-misses,100208725,100.00,,
     4.229745541,2814,,LLC-stores,100209398,100.00,,
     4.229745541,331906,,instructions,100209403,100.00,,
     4.330012873,14781,,cache-misses,100273887,100.00,,
     4.330012873,20124,,L1-icache-load-misses,100274157,100.00,,
     4.330012873,713,,LLC-stores,100273470,100.00,,
     4.330012873,124693,,instructions,100273506,100.00,,
     4.430248934,3440296,,cache-misses,100234676,100.00,,
     4.430248934,78512,,L1-icache-load-misses,100233389,100.00,,
     4.430248934,591105,,LLC-stores,100233209,100.00,,
     4.430248934,134890048,,instructions,100232780,100.00,,
     4.530454109,1976033,,cache-misses,100211195,100.00,,
     4.530454109,59503,,L1-icache-load-misses,100211355,100.00,,
     4.530454109,338225,,LLC-stores,100211523,100.00,,
     4.530454109,69788326,,instructions,100211749,100.00,,
     4.630684414,2086314,,cache-misses,101565454,100.00,,
     4.630684414,80408,,L1-icache-load-misses,101565377,100.00,,
     4.630684414,355785,,LLC-stores,101565158,100.00,,
     4.630684414,74143346,,instructions,101565182,100.00,,
     4.732203389,417050,,cache-misses,100190612,100.00,,
     4.732203389,31668,,L1-icache-load-misses,100190691,100.00,,
     4.732203389,51127,,LLC-stores,100190820,100.00,,
     4.732203389,21449134,,instructions,100190619,100.00,,
     4.832401021,40983,,cache-misses,100200974,100.00,,
     4.832401021,117564,,L1-icache-load-misses,100201023,100.00,,
     4.832401021,6130,,LLC-stores,100200964,100.00,,
     4.832401021,663513,,instructions,100200941,100.00,,
     4.932598395,27109,,cache-misses,100204339,100.00,,
     4.932598395,92621,,L1-icache-load-misses,100204398,100.00,,
     4.932598395,3756,,LLC-stores,100204840,100.00,,
     4.932598395,470833,,instructions,100205258,100.00,,
     5.032825784,21241,,cache-misses,100228350,100.00,,
     5.032825784,68682,,L1-icache-load-misses,100227848,100.00,,
     5.032825784,3303,,LLC-stores,100227350,100.00,,
     5.032825784,382217,,instructions,100226925,100.00,,
     5.133015269,11666,,cache-misses,100193470,100.00,,
     5.133015269,37226,,L1-icache-load-misses,100193459,100.00,,
     5.133015269,1294,,LLC-stores,100193448,100.00,,
     5.133015269,220460,,instructions,100193478,100.00,,
     5.233209703,35479,,cache-misses,100199629,100.00,,
     5.233209703,130674,,L1-icache-load-misses,100199820,100.00,,
     5.233209703,5146,,LLC-stores,100199913,100.00,,
     5.233209703,625380,,instructions,100199881,100.00,,
     5.333403641,21966,,cache-misses,100199809,100.00,,
     5.333403641,64766,,L1-icache-load-misses,100200213,100.00,,
     5.333403641,2566,,LLC-stores,100200234,100.00,,
     5.333403641,325217,,instructions,100200221,100.00,,
     5.433614280,28916,,cache-misses,100212886,100.00,,
     5.433614280,55854,,L1-icache-load-misses,100212497,100.00,,
     5.433614280,2085,,LLC-stores,100212389,100.00,,
     5.433614280,293558,,instructions,100212500,100.00,,
     5.533830826,13389,,cache-misses,100222330,100.00,,
     5.533830826,75214,,L1-icache-load-misses,100222869,100.00,,
     5.533830826,2529,,LLC-stores,100223471,100.00,,
     5.533830826,358982,,instructions,100223671,100.00,,
     5.634057007,11743,,cache-misses,100226486,100.00,,
     5.634057007,73859,,L1-icache-load-misses,100225579,100.00,,
     5.634057007,2438,,LLC-stores,100225073,100.00,,
     5.634057007,395469,,instructions,100224772,100.00,,
     5.734235832,14597,,cache-misses,100184644,100.00,,
     5.734235832,67759,,L1-icache-load-misses,100184820,100.00,,
     5.734235832,2747,,LLC-stores,100184708,100.00,,
     5.734235832,370989,,instructions,100184697,100.00,,
     5.834421573,13273,,cache-misses,100188622,100.00,,
     5.834421573,75513,,L1-icache-load-misses,100188482,100.00,,
     5.834421573,2468,,LLC-stores,100188453,100.00,,
     5.834421573,395226,,instructions,100188481,100.00,,
     5.934584158,15819,,cache-misses,100168236,100.00,,
     5.934584158,116988,,L1-icache-load-misses,100168498,100.00,,
     5.934584158,5606,,LLC-stores,100168469,100.00,,
     5.934584158,611204,,instructions,100168529,100.00,,
     6.034702854,15964,,cache-misses,100137262,100.00,,
     6.034702854,77945,,L1-icache-load-misses,100137173,100.00,,
     6.034702854,3938,,LLC-stores,100137551,100.00,,
     6.034702854,437218,,instructions,100137548,100.00,,
     6.134878387,37035,,cache-misses,100164999,100.00,,
     6.134878387,576254,,L1-icache-load-misses,100165044,100.00,,
     6.134878387,40203,,LLC-stores,100164743,100.00,,
     6.134878387,3559984,,instructions,100164765,100.00,,
     6.235058355,23497,,cache-misses,100184890,100.00,,
     6.235058355,106866,,L1-icache-load-misses,100184924,100.00,,
     6.235058355,4712,,LLC-stores,100184973,100.00,,
     6.235058355,506800,,instructions,100184966,100.00,,
     6.335247698,21722,,cache-misses,100200924,100.00,,
     6.335247698,90109,,L1-icache-load-misses,100206881,100.00,,
     6.335247698,4202,,LLC-stores,100208330,100.00,,
     6.335247698,492998,,instructions,100209798,100.00,,
     6.435456594,29113,,cache-misses,100205472,100.00,,
     6.435456594,122413,,L1-icache-load-misses,100199665,100.00,,
     6.435456594,6021,,LLC-stores,100198172,100.00,,
     6.435456594,618777,,instructions,100196604,100.00,,
     6.535639879,27145,,cache-misses,100189553,100.00,,
     6.535639879,132629,,L1-icache-load-misses,100189827,100.00,,
     6.535639879,6524,,LLC-stores,100190442,100.00,,
     6.535639879,674342,,instructions,100191189,100.00,,
     6.635807905,59025,,cache-misses,100169859,100.00,,
     6.635807905,678224,,L1-icache-load-misses,100169404,100.00,,
     6.635807905,55710,,LLC-stores,100168754,100.00,,
     6.635807905,5379867,,instructions,100168009,100.00,,
     6.735991950,26747,,cache-misses,100188725,100.00,,
     6.735991950,171227,,L1-icache-load-misses,100188714,100.00,,
     6.735991950,14465,,LLC-stores,100188737,100.00,,
     6.735991950,1515014,,instructions,100188802,100.00,,
     6.836181266,26784,,cache-misses,100193383,100.00,,
     6.836181266,112461,,L1-icache-load-misses,100193368,100.00,,
     6.836181266,5667,,LLC-stores,100193363,100.00,,
     6.836181266,593235,,instructions,100193346,100.00,,
     6.936346254,25160,,cache-misses,100169040,100.00,,
     6.936346254,101070,,L1-icache-load-misses,100169062,100.00,,
     6.936346254,5474,,LLC-stores,100169094,100.00,,
     6.936346254,555561,,instructions,100169046,100.00,,
     7.036531594,14630,,cache-misses,100192723,100.00,,
     7.036531594,65212,,L1-icache-load-misses,100193477,100.00,,
     7.036531594,2918,,LLC-stores,100194077,100.00,,
     7.036531594,360083,,instructions,100194493,100.00,,
     7.136722001,73660,,cache-misses,100206103,100.00,,
     7.136722001,349773,,L1-icache-load-misses,100205712,100.00,,
     7.136722001,14179,,LLC-stores,100205508,100.00,,
     7.136722001,7667187,,instructions,100205156,100.00,,
     7.236941049,217882,,cache-misses,100208914,100.00,,
     7.236941049,906251,,L1-icache-load-misses,100208544,100.00,,
     7.236941049,34914,,LLC-stores,100208127,100.00,,
     7.236941049,18337629,,instructions,100208067,100.00,,
     7.337158619,195816,,cache-misses,100221988,100.00,,
     7.337158619,1039846,,L1-icache-load-misses,100222171,100.00,,
     7.337158619,39915,,LLC-stores,100222149,100.00,,
     7.337158619,23392789,,instructions,100222421,100.00,,
     7.437343381,74600,,cache-misses,100188880,100.00,,
     7.437343381,495714,,L1-icache-load-misses,100189007,100.00,,
     7.437343381,22077,,LLC-stores,100189072,100.00,,
     7.437343381,7996319,,instructions,100188799,100.00,,
     7.537527667,24796,,cache-misses,100189216,100.00,,
     7.537527667,232735,,L1-icache-load-misses,100189326,100.00,,
     7.537527667,11000,,LLC-stores,100189331,100.00,,
     7.537527667,993002,,instructions,100189380,100.00,,
     7.637714688,23309,,cache-misses,100190645,100.00,,
     7.637714688,231799,,L1-icache-load-misses,100190277,100.00,,
     7.637714688,11120,,LLC-stores,100190253,100.00,,
     7.637714688,994305,,instructions,100190268,100.00,,
     7.737900243,29850,,cache-misses,100189651,100.00,,
     7.737900243,215209,,L1-icache-load-misses,100189724,100.00,,
     7.737900243,11836,,LLC-stores,100189802,100.00,,
     7.737900243,967659,,instructions,100189789,100.00,,
     7.838085763,26111,,cache-misses,100190007,100.00,,
     7.838085763,126290,,L1-icache-load-misses,100189930,100.00,,
     7.838085763,5282,,LLC-stores,100189846,100.00,,
     7.838085763,1701580,,instructions,100189826,100.00,,
     7.938275262,2253050,,cache-misses,100194025,100.00,,
     7.938275262,84460,,L1-icache-load-misses,100194073,100.00,,
     7.938275262,332797,,LLC-stores,100194046,100.00,,
     7.938275262,84417051,,instructions,100193966,100.00,,
     8.038455547,41045,,cache-misses,100183492,100.00,,
     8.038455547,234914,,L1-icache-load-misses,100183769,100.00,,
     8.038455547,11403,,LLC-stores,100183815,100.00,,
     8.038455547,1066044,,instructions,100183915,100.00,,
     8.138641067,51183,,cache-misses,100193976,100.00,,
     8.138641067,284995,,L1-icache-load-misses,100194105,100.00,,
     8.138641067,14016,,LLC-stores,100194251,100.00,,
     8.138641067,1324332,,instructions,100194542,100.00,,
     8.238850866,114669,,cache-misses,100211544,100.00,,
     8.238850866,436693,,L1-icache-load-misses,100211159,100.00,,
     8.238850866,20511,,LLC-stores,100211008,100.00,,
     8.238850866,4807871,,instructions,100210703,100.00,,
     8.339036328,272074,,cache-misses,100191056,100.00,,
     8.339036328,655848,,L1-icache-load-misses,100191660,100.00,,
     8.339036328,27349,,LLC-stores,100192090,100.00,,
     8.339036328,6152211,,instructions,100192283,100.00,,
     8.439246448,244060,,cache-misses,100211962,100.00,,
     8.439246448,844196,,L1-icache-load-misses,100211201,100.00,,
     8.439246448,29822,,LLC-stores,100211129,100.00,,
     8.439246448,6593878,,instructions,100210964,100.00,,
     8.539435269,224117,,cache-misses,100192754,100.00,,
     8.539435269,676294,,L1-icache-load-misses,100192783,100.00,,
     8.539435269,23201,,LLC-stores,100192398,100.00,,
     8.539435269,5900454,,instructions,100192394,100.00,,
     8.639626851,221238,,cache-misses,100195709,100.00,,
     8.639626851,634747,,L1-icache-load-misses,100195730,100.00,,
     8.639626851,21091,,LLC-stores,100195782,100.00,,
     8.639626851,5741525,,instructions,100196025,100.00,,
     8.739816699,2373218,,cache-misses,100210182,100.00,,
     8.739816699,393542,,L1-icache-load-misses,100210674,100.00,,
     8.739816699,317183,,LLC-stores,100210802,100.00,,
     8.739816699,79669763,,instructions,100210627,100.00,,
     8.840035415,36958,,cache-misses,100207050,100.00,,
     8.840035415,120799,,L1-icache-load-misses,100206811,100.00,,
     8.840035415,6797,,LLC-stores,100206660,100.00,,
     8.840035415,682935,,instructions,100206531,100.00,,
     8.940232468,39052,,cache-misses,100202626,100.00,,
     8.940232468,149318,,L1-icache-load-misses,100202588,100.00,,
     8.940232468,6978,,LLC-stores,100217070,100.00,,
     8.940232468,740050,,instructions,100217160,100.00,,
     9.040463155,25643,,cache-misses,100233401,100.00,,
     9.040463155,88755,,L1-icache-load-misses,100233382,100.00,,
     9.040463155,4171,,LLC-stores,100218952,100.00,,
     9.040463155,457173,,instructions,100218831,100.00,,
     9.140621769,38900,,cache-misses,100209736,100.00,,
     9.140621769,116717,,L1-icache-load-misses,100210445,100.00,,
     9.140621769,6214,,LLC-stores,100210558,100.00,,
     9.140621769,1724518,,instructions,100210985,100.00,,
     9.240858704,117840,,cache-misses,100194601,100.00,,
     9.240858704,296962,,L1-icache-load-misses,100193678,100.00,,
     9.240858704,15853,,LLC-stores,100193514,100.00,,
     9.240858704,2599874,,instructions,100193166,100.00,,
     9.341047705,46481,,cache-misses,100195004,100.00,,
     9.341047705,134505,,L1-icache-load-misses,100195265,100.00,,
     9.341047705,7291,,LLC-stores,100195300,100.00,,
     9.341047705,750146,,instructions,100195285,100.00,,
     9.441240324,127648,,cache-misses,100195493,100.00,,
     9.441240324,326790,,L1-icache-load-misses,100195507,100.00,,
     9.441240324,14283,,LLC-stores,100195606,100.00,,
     9.441240324,2574047,,instructions,100195632,100.00,,
     9.541412369,37745,,cache-misses,100175569,100.00,,
     9.541412369,128606,,L1-icache-load-misses,100175231,100.00,,
     9.541412369,7618,,LLC-stores,100175247,100.00,,
     9.541412369,795483,,instructions,100175214,100.00,,
     9.641591445,33866,,cache-misses,100183509,100.00,,
     9.641591445,127857,,L1-icache-load-misses,100183660,100.00,,
     9.641591445,5599,,LLC-stores,100183471,100.00,,
     9.641591445,647904,,instructions,100183498,100.00,,
     9.741777713,44914,,cache-misses,100190275,100.00,,
     9.741777713,133757,,L1-icache-load-misses,100190287,100.00,,
     9.741777713,7313,,LLC-stores,100190646,100.00,,
     9.741777713,1900482,,instructions,100190637,100.00,,
     9.841962502,40613,,cache-misses,100189085,100.00,,
     9.841962502,151687,,L1-icache-load-misses,100189409,100.00,,
     9.841962502,6888,,LLC-stores,100189259,100.00,,
     9.841962502,824797,,instructions,100189251,100.00,,
     9.942159112,20404,,cache-misses,100201018,100.00,,
     9.942159112,102567,,L1-icache-load-misses,100200909,100.00,,
     9.942159112,3872,,LLC-stores,100200753,100.00,,
     9.942159112,507448,,instructions,100200684,100.00,,
    10.042321245,41561,,cache-misses,100165635,100.00,,
    10.042321245,140852,,L1-icache-load-misses,100165187,100.00,,
    10.042321245,6788,,LLC-stores,100165103,100.00,,
    10.042321245,1811073,,instructions,100165172,100.00,,
    10.142523054,31753,,cache-misses,100211236,100.00,,
    10.142523054,120868,,L1-icache-load-misses,100212246,100.00,,
    10.142523054,4887,,LLC-stores,100212483,100.00,,
    10.142523054,580545,,instructions,100212554,100.00,,
    10.242685288,36749,,cache-misses,100164561,100.00,,
    10.242685288,110382,,L1-icache-load-misses,100164400,100.00,,
    10.242685288,3970,,LLC-stores,100164285,100.00,,
    10.242685288,541972,,instructions,100164233,100.00,,
    10.342856402,52726,,cache-misses,100173478,100.00,,
    10.342856402,101422,,L1-icache-load-misses,100172787,100.00,,
    10.342856402,4405,,LLC-stores,100172808,100.00,,
    10.342856402,1691670,,instructions,100172858,100.00,,
    10.443048178,18839,,cache-misses,100194216,100.00,,
    10.443048178,61994,,L1-icache-load-misses,100194140,100.00,,
    10.443048178,2305,,LLC-stores,100194018,100.00,,
    10.443048178,333647,,instructions,100194329,100.00,,
    10.543231853,22823,,cache-misses,100188363,100.00,,
    10.543231853,68509,,L1-icache-load-misses,100188439,100.00,,
    10.543231853,2564,,LLC-stores,100188480,100.00,,
    10.543231853,1433512,,instructions,100188046,100.00,,
    10.643417296,9012,,cache-misses,100187428,100.00,,
    10.643417296,23879,,L1-icache-load-misses,100187393,100.00,,
    10.643417296,697,,LLC-stores,100187311,100.00,,
    10.643417296,141105,,instructions,100187314,100.00,,
    10.743601320,9387,,cache-misses,100188604,100.00,,
    10.743601320,28950,,L1-icache-load-misses,100188473,100.00,,
    10.743601320,789,,LLC-stores,100188500,100.00,,
    10.743601320,173425,,instructions,100188515,100.00,,
    10.843780452,46600,,cache-misses,100185976,100.00,,
    10.843780452,183963,,L1-icache-load-misses,100186303,100.00,,
    10.843780452,7745,,LLC-stores,100186364,100.00,,
    10.843780452,1010927,,instructions,100186429,100.00,,
    10.943969667,19069,,cache-misses,100190068,100.00,,
    10.943969667,59444,,L1-icache-load-misses,100189692,100.00,,
    10.943969667,2647,,LLC-stores,100189654,100.00,,
    10.943969667,1443521,,instructions,100189530,100.00,,
    11.044145683,8749,,cache-misses,100179082,100.00,,
    11.044145683,55882,,L1-icache-load-misses,100178721,100.00,,
    11.044145683,2316,,LLC-stores,100178735,100.00,,
    11.044145683,330976,,instructions,100178898,100.00,,
    11.144289613,28947,,cache-misses,100151408,100.00,,
    11.144289613,300543,,L1-icache-load-misses,100152101,100.00,,
    11.144289613,30655,,LLC-stores,100152037,100.00,,
    11.144289613,4000472,,instructions,100152069,100.00,,
    11.244473229,252980,,cache-misses,100213338,100.00,,
    11.244473229,425741,,L1-icache-load-misses,100213840,100.00,,
    11.244473229,51771,,LLC-stores,100214570,100.00,,
    11.244473229,13688458,,instructions,100214755,100.00,,
    11.344696765,16654,,cache-misses,100199654,100.00,,
    11.344696765,348150,,L1-icache-load-misses,100198948,100.00,,
    11.344696765,32550,,LLC-stores,100198207,100.00,,
    11.344696765,3369518,,instructions,100197785,100.00,,
    11.444840200,33884,,cache-misses,100147415,100.00,,
    11.444840200,1157166,,L1-icache-load-misses,100147158,100.00,,
    11.444840200,95844,,LLC-stores,100147245,100.00,,
    11.444840200,10220873,,instructions,100147300,100.00,,
    11.545034929,25838,,cache-misses,100221970,100.00,,
    11.545034929,980238,,L1-icache-load-misses,100222149,100.00,,
    11.545034929,69285,,LLC-stores,100222123,100.00,,
    11.545034929,7038434,,instructions,100222091,100.00,,
    11.645233032,20464,,cache-misses,100177674,100.00,,
    11.645233032,857836,,L1-icache-load-misses,100177487,100.00,,
    11.645233032,61713,,LLC-stores,100177427,100.00,,
    11.645233032,5965610,,instructions,100177446,100.00,,
    11.745403159,25008,,cache-misses,100181419,100.00,,
    11.745403159,57233,,L1-icache-load-misses,100182083,100.00,,
    11.745403159,4250,,LLC-stores,100182183,100.00,,
    11.745403159,1956304,,instructions,100182253,100.00,,
    11.845604882,29553,,cache-misses,100205931,100.00,,
    11.845604882,53765,,L1-icache-load-misses,100206104,100.00,,
    11.845604882,3199,,LLC-stores,100206076,100.00,,
    11.845604882,334224,,instructions,100206225,100.00,,
    11.945810801,29164,,cache-misses,100211371,100.00,,
    11.945810801,55885,,L1-icache-load-misses,100211451,100.00,,
    11.945810801,2464,,LLC-stores,100211485,100.00,,
    11.945810801,325134,,instructions,100211326,100.00,,
    12.046006685,3563904,,cache-misses,100198553,100.00,,
    12.046006685,65135,,L1-icache-load-misses,100198162,100.00,,
    12.046006685,613293,,LLC-stores,100198081,100.00,,
    12.046006685,140404451,,instructions,100198137,100.00,,
    12.146190390,2559156,,cache-misses,100187988,100.00,,
    12.146190390,50475,,L1-icache-load-misses,100187902,100.00,,
    12.146190390,384547,,LLC-stores,100188260,100.00,,
    12.146190390,85403410,,instructions,100188302,100.00,,
    12.246388231,54030,,cache-misses,100203114,100.00,,
    12.246388231,68084,,L1-icache-load-misses,100203144,100.00,,
    12.246388231,5251,,LLC-stores,100203151,100.00,,
    12.246388231,2478151,,instructions,100203139,100.00,,
    12.346634075,2286832,,cache-misses,100253919,100.00,,
    12.346634075,127540,,L1-icache-load-misses,100255240,100.00,,
    12.346634075,363787,,LLC-stores,100255021,100.00,,
    12.346634075,77416212,,instructions,100254980,100.00,,
    12.446907052,25523,,cache-misses,100271129,100.00,,
    12.446907052,43004,,L1-icache-load-misses,100270247,100.00,,
    12.446907052,1994,,LLC-stores,100270387,100.00,,
    12.446907052,243313,,instructions,100270388,100.00,,
    12.547104237,23764,,cache-misses,100200215,100.00,,
    12.547104237,61231,,L1-icache-load-misses,100199641,100.00,,
    12.547104237,3118,,LLC-stores,100199622,100.00,,
    12.547104237,403825,,instructions,100199575,100.00,,
    12.647287105,15131,,cache-misses,100187658,100.00,,
    12.647287105,20595,,L1-icache-load-misses,100187804,100.00,,
    12.647287105,965,,LLC-stores,100187724,100.00,,
    12.647287105,163497,,instructions,100187730,100.00,,
    12.747618213,54212,,cache-misses,100360619,100.00,,
    12.747618213,69965,,L1-icache-load-misses,100363957,100.00,,
    12.747618213,6872,,LLC-stores,100366273,100.00,,
    12.747618213,1340701,,instructions,100368368,100.00,,
    12.848090276,65351,,cache-misses,100482622,100.00,,
    12.848090276,98403,,L1-icache-load-misses,100483035,100.00,,
    12.848090276,4828,,LLC-stores,100483731,100.00,,
    12.848090276,646570,,instructions,100484993,100.00,,
    12.948540977,71164,,cache-misses,100452606,100.00,,
    12.948540977,62170,,L1-icache-load-misses,100452610,100.00,,
    12.948540977,5911,,LLC-stores,100452389,100.00,,
    12.948540977,2015624,,instructions,100451674,100.00,,
    13.048873899,29364,,cache-misses,100340932,100.00,,
    13.048873899,32641,,L1-icache-load-misses,100341736,100.00,,
    13.048873899,1661,,LLC-stores,100342876,100.00,,
    13.048873899,272016,,instructions,100344180,100.00,,
    13.149440607,42951,,cache-misses,100564344,100.00,,
    13.149440607,39901,,L1-icache-load-misses,100563703,100.00,,
    13.149440607,1595,,LLC-stores,100562698,100.00,,
    13.149440607,239212,,instructions,100562323,100.00,,
    13.249986553,41875,,cache-misses,100554057,100.00,,
    13.249986553,60450,,L1-icache-load-misses,100554039,100.00,,
    13.249986553,2398,,LLC-stores,100554059,100.00,,
    13.249986553,325029,,instructions,100553295,100.00,,
    13.350440697,21367,,cache-misses,100459140,100.00,,
    13.350440697,22392,,L1-icache-load-misses,100459039,100.00,,
    13.350440697,931,,LLC-stores,100458712,100.00,,
    13.350440697,136584,,instructions,100458712,100.00,,
    13.450960205,24934,,cache-misses,100523784,100.00,,
    13.450960205,32944,,L1-icache-load-misses,100523791,100.00,,
    13.450960205,1432,,LLC-stores,100524080,100.00,,
    13.450960205,203679,,instructions,100524252,100.00,,
    13.551332943,24647,,cache-misses,100366311,100.00,,
    13.551332943,29126,,L1-icache-load-misses,100365180,100.00,,
    13.551332943,916,,LLC-stores,100364794,100.00,,
    13.551332943,175277,,instructions,100363896,100.00,,
    13.651678574,19992,,cache-misses,100354345,100.00,,
    13.651678574,18774,,L1-icache-load-misses,100354799,100.00,,
    13.651678574,627,,LLC-stores,100354585,100.00,,
    13.651678574,124838,,instructions,100354868,100.00,,
    13.752188128,25457,,cache-misses,100512689,100.00,,
    13.752188128,26723,,L1-icache-load-misses,100512475,100.00,,
    13.752188128,1020,,LLC-stores,100512235,100.00,,
    13.752188128,162872,,instructions,100511900,100.00,,
    13.852736188,18690,,cache-misses,100560754,100.00,,
    13.852736188,18181,,L1-icache-load-misses,100562205,100.00,,
    13.852736188,692,,LLC-stores,100563326,100.00,,
    13.852736188,126452,,instructions,100564579,100.00,,
    13.953299204,17749,,cache-misses,100564624,100.00,,
    13.953299204,18352,,L1-icache-load-misses,100564139,100.00,,
    13.953299204,829,,LLC-stores,100563681,100.00,,
    13.953299204,130836,,instructions,100564129,100.00,,
    14.053663713,31776,,cache-misses,100358299,100.00,,
    14.053663713,47158,,L1-icache-load-misses,100357193,100.00,,
    14.053663713,1805,,LLC-stores,100356767,100.00,,
    14.053663713,271156,,instructions,100355044,100.00,,
    14.154195817,19399,,cache-misses,100542201,100.00,,
    14.154195817,18950,,L1-icache-load-misses,100542732,100.00,,
    14.154195817,818,,LLC-stores,100543067,100.00,,
    14.154195817,127011,,instructions,100543412,100.00,,
    14.254737047,42500,,cache-misses,100546089,100.00,,
    14.254737047,40329,,L1-icache-load-misses,100546030,100.00,,
    14.254737047,1965,,LLC-stores,100545737,100.00,,
    14.254737047,265020,,instructions,100545726,100.00,,
    14.355027661,23421,,cache-misses,100294082,100.00,,
    14.355027661,22010,,L1-icache-load-misses,100294155,100.00,,
    14.355027661,1001,,LLC-stores,100294494,100.00,,
    14.355027661,148963,,instructions,100294680,100.00,,
    14.455388274,23501,,cache-misses,100363531,100.00,,
    14.455388274,21327,,L1-icache-load-misses,100363292,100.00,,
    14.455388274,821,,LLC-stores,100362933,100.00,,
    14.455388274,135010,,instructions,100362734,100.00,,
    14.555829895,24876,,cache-misses,100446148,100.00,,
    14.555829895,21393,,L1-icache-load-misses,100446323,100.00,,
    14.555829895,819,,LLC-stores,100446299,100.00,,
    14.555829895,140729,,instructions,100446315,100.00,,
    14.656164372,20682,,cache-misses,100339616,100.00,,
    14.656164372,18276,,L1-icache-load-misses,100340023,100.00,,
    14.656164372,710,,LLC-stores,100340344,100.00,,
    14.656164372,125674,,instructions,100340937,100.00,,
    14.756690121,34451,,cache-misses,100530387,100.00,,
    14.756690121,36603,,L1-icache-load-misses,100530028,100.00,,
    14.756690121,1646,,LLC-stores,100529700,100.00,,
    14.756690121,216948,,instructions,100529192,100.00,,
    14.857238890,22972,,cache-misses,100554501,100.00,,
    14.857238890,23078,,L1-icache-load-misses,100556264,100.00,,
    14.857238890,848,,LLC-stores,100557658,100.00,,
    14.857238890,144341,,instructions,100559093,100.00,,
    14.957611431,24271,,cache-misses,100372507,100.00,,
    14.957611431,31630,,L1-icache-load-misses,100371155,100.00,,
    14.957611431,1335,,LLC-stores,100370121,100.00,,
    14.957611431,195034,,instructions,100368824,100.00,,
    15.057922738,17788,,cache-misses,100321752,100.00,,
    15.057922738,16612,,L1-icache-load-misses,100322625,100.00,,
    15.057922738,754,,LLC-stores,100322600,100.00,,
    15.057922738,124956,,instructions,100322584,100.00,,
    15.158451755,40323,,cache-misses,100531029,100.00,,
    15.158451755,38167,,L1-icache-load-misses,100529980,100.00,,
    15.158451755,1479,,LLC-stores,100530066,100.00,,
    15.158451755,213725,,instructions,100530223,100.00,,
    15.258806543,64252,,cache-misses,100357315,100.00,,
    15.258806543,58058,,L1-icache-load-misses,100356922,100.00,,
    15.258806543,2303,,LLC-stores,100356492,100.00,,
    15.258806543,323709,,instructions,100356131,100.00,,
    15.359322773,21040,,cache-misses,100530523,100.00,,
    15.359322773,16152,,L1-icache-load-misses,100532305,100.00,,
    15.359322773,765,,LLC-stores,100533510,100.00,,
    15.359322773,127582,,instructions,100534763,100.00,,
    15.459725974,21654,,cache-misses,100399069,100.00,,
    15.459725974,17802,,L1-icache-load-misses,100397933,100.00,,
    15.459725974,711,,LLC-stores,100397083,100.00,,
    15.459725974,123318,,instructions,100396108,100.00,,
    15.560194970,34841,,cache-misses,100452589,100.00,,
    15.560194970,50316,,L1-icache-load-misses,100448860,100.00,,
    15.560194970,2040,,LLC-stores,100446307,100.00,,
    15.560194970,289822,,instructions,100444020,100.00,,
    15.660605328,29290,,cache-misses,100436983,100.00,,
    15.660605328,34056,,L1-icache-load-misses,100440681,100.00,,
    15.660605328,1333,,LLC-stores,100443327,100.00,,
    15.660605328,182378,,instructions,100446126,100.00,,
    15.761148879,33793,,cache-misses,100546200,100.00,,
    15.761148879,47899,,L1-icache-load-misses,100545883,100.00,,
    15.761148879,1869,,LLC-stores,100545894,100.00,,
    15.761148879,251646,,instructions,100545413,100.00,,
    15.861425854,36931,,cache-misses,100253553,100.00,,
    15.861425854,43744,,L1-icache-load-misses,100250260,100.00,,
    15.861425854,1855,,LLC-stores,100247489,100.00,,
    15.861425854,243985,,instructions,100244929,100.00,,
    15.961645198,40748,,cache-misses,100257527,100.00,,
    15.961645198,45200,,L1-icache-load-misses,100262012,100.00,,
    15.961645198,1971,,LLC-stores,100266655,100.00,,
    15.961645198,252697,,instructions,100270235,100.00,,
    16.062223316,20169,,cache-misses,100576823,100.00,,
    16.062223316,19285,,L1-icache-load-misses,100575498,100.00,,
    16.062223316,784,,LLC-stores,100573515,100.00,,
    16.062223316,131234,,instructions,100572847,100.00,,
    16.162536425,18646,,cache-misses,100322827,100.00,,
    16.162536425,17838,,L1-icache-load-misses,100323959,100.00,,
    16.162536425,846,,LLC-stores,100326178,100.00,,
    16.162536425,137300,,instructions,100326636,100.00,,
    16.263168569,48608,,cache-misses,100629843,100.00,,
    16.263168569,59822,,L1-icache-load-misses,100628973,100.00,,
    16.263168569,2132,,LLC-stores,100626758,100.00,,
    16.263168569,371156,,instructions,100625935,100.00,,
    16.363649666,24070,,cache-misses,100485434,100.00,,
    16.363649666,18733,,L1-icache-load-misses,100485344,100.00,,
    16.363649666,694,,LLC-stores,100485366,100.00,,
    16.363649666,126143,,instructions,100485373,100.00,,
    16.463997282,37411,,cache-misses,100368563,100.00,,
    16.463997282,49046,,L1-icache-load-misses,100368643,100.00,,
    16.463997282,2036,,LLC-stores,100368628,100.00,,
    16.463997282,270844,,instructions,100368724,100.00,,
    16.564505341,64368,,cache-misses,100495470,100.00,,
    16.564505341,60481,,L1-icache-load-misses,100495388,100.00,,
    16.564505341,2312,,LLC-stores,100495428,100.00,,
    16.564505341,309487,,instructions,100495305,100.00,,
    16.664816405,52359,,cache-misses,100310947,100.00,,
    16.664816405,46748,,L1-icache-load-misses,100311112,100.00,,
    16.664816405,1656,,LLC-stores,100311154,100.00,,
    16.664816405,244228,,instructions,100311280,100.00,,
    16.765166341,44663,,cache-misses,100358173,100.00,,
    16.765166341,43833,,L1-icache-load-misses,100358053,100.00,,
    16.765166341,1653,,LLC-stores,100358029,100.00,,
    16.765166341,252618,,instructions,100358181,100.00,,
    16.865641795,79048,,cache-misses,100479285,100.00,,
    16.865641795,70927,,L1-icache-load-misses,100479428,100.00,,
    16.865641795,2902,,LLC-stores,100479368,100.00,,
    16.865641795,359934,,instructions,100479235,100.00,,
    16.966048987,121135,,cache-misses,100410833,100.00,,
    16.966048987,91883,,L1-icache-load-misses,100410798,100.00,,
    16.966048987,6639,,LLC-stores,100410799,100.00,,
    16.966048987,2128503,,instructions,100410645,100.00,,
    17.066585298,86017,,cache-misses,100541886,100.00,,
    17.066585298,88691,,L1-icache-load-misses,100542028,100.00,,
    17.066585298,3311,,LLC-stores,100542342,100.00,,
    17.066585298,455519,,instructions,100542401,100.00,,
    17.166905148,44769,,cache-misses,100317544,100.00,,
    17.166905148,42746,,L1-icache-load-misses,100317145,100.00,,
    17.166905148,1938,,LLC-stores,100316782,100.00,,
    17.166905148,266176,,instructions,100316765,100.00,,
    17.267241536,78853,,cache-misses,100342931,100.00,,
    17.267241536,108416,,L1-icache-load-misses,100342928,100.00,,
    17.267241536,4331,,LLC-stores,100342602,100.00,,
    17.267241536,603211,,instructions,100342261,100.00,,
    17.367575566,77133,,cache-misses,100334870,100.00,,
    17.367575566,95864,,L1-icache-load-misses,100334467,100.00,,
    17.367575566,4184,,LLC-stores,100334513,100.00,,
    17.367575566,522927,,instructions,100334753,100.00,,
    17.467902376,85888,,cache-misses,100336696,100.00,,
    17.467902376,101560,,L1-icache-load-misses,100337559,100.00,,
    17.467902376,3868,,LLC-stores,100338272,100.00,,
    17.467902376,548717,,instructions,100338505,100.00,,
    17.568392189,84009,,cache-misses,100495483,100.00,,
    17.568392189,97145,,L1-icache-load-misses,100495550,100.00,,
    17.568392189,3649,,LLC-stores,100495197,100.00,,
    17.568392189,504350,,instructions,100495320,100.00,,
    17.668721693,78007,,cache-misses,100331184,100.00,,
    17.668721693,69238,,L1-icache-load-misses,100330825,100.00,,
    17.668721693,2351,,LLC-stores,100331101,100.00,,
    17.668721693,463468,,instructions,100330856,100.00,,
    17.769210406,56266,,cache-misses,100495263,100.00,,
    17.769210406,62171,,L1-icache-load-misses,100495388,100.00,,
    17.769210406,2206,,LLC-stores,100495053,100.00,,
    17.769210406,341412,,instructions,100495023,100.00,,
    17.869638534,56176,,cache-misses,100431302,100.00,,
    17.869638534,41693,,L1-icache-load-misses,100431255,100.00,,
    17.869638534,1411,,LLC-stores,100431251,100.00,,
    17.869638534,227912,,instructions,100431259,100.00,,
    17.970177051,45261,,cache-misses,100543209,100.00,,
    17.970177051,44670,,L1-icache-load-misses,100543180,100.00,,
    17.970177051,1608,,LLC-stores,100543249,100.00,,
    17.970177051,236698,,instructions,100543257,100.00,,
    18.070513642,38194,,cache-misses,100338252,100.00,,
    18.070513642,36783,,L1-icache-load-misses,100338251,100.00,,
    18.070513642,1153,,LLC-stores,100338222,100.00,,
    18.070513642,195664,,instructions,100338149,100.00,,
    18.170861466,67167,,cache-misses,100678050,100.00,,
    18.170861466,94086,,L1-icache-load-misses,100679465,100.00,,
    18.170861466,3569,,LLC-stores,100680662,100.00,,
    18.170861466,542185,,instructions,100681804,100.00,,
    18.271612913,61858,,cache-misses,100444570,100.00,,
    18.271612913,57354,,L1-icache-load-misses,100443347,100.00,,
    18.271612913,3417,,LLC-stores,100442446,100.00,,
    18.271612913,3265518,,instructions,100441454,100.00,,
    18.371973153,42837,,cache-misses,100350744,100.00,,
    18.371973153,38544,,L1-icache-load-misses,100350769,100.00,,
    18.371973153,1302,,LLC-stores,100350435,100.00,,
    18.371973153,202360,,instructions,100350730,100.00,,
    18.472473273,54721,,cache-misses,100505377,100.00,,
    18.472473273,41578,,L1-icache-load-misses,100505377,100.00,,
    18.472473273,1275,,LLC-stores,100505408,100.00,,
    18.472473273,219918,,instructions,100505553,100.00,,
    18.573000083,92782,,cache-misses,100509113,100.00,,
    18.573000083,99113,,L1-icache-load-misses,100505703,100.00,,
    18.573000083,5435,,LLC-stores,100503171,100.00,,
    18.573000083,2958801,,instructions,100500265,100.00,,
    18.673384622,111942,,cache-misses,100412055,100.00,,
    18.673384622,132432,,L1-icache-load-misses,100415210,100.00,,
    18.673384622,4989,,LLC-stores,100417688,100.00,,
    18.673384622,3964819,,instructions,100420248,100.00,,
    18.773948564,63616,,cache-misses,100567921,100.00,,
    18.773948564,57008,,L1-icache-load-misses,100568122,100.00,,
    18.773948564,2334,,LLC-stores,100568237,100.00,,
    18.773948564,343136,,instructions,100568520,100.00,,
    18.874446160,153033,,cache-misses,100501871,100.00,,
    18.874446160,173866,,L1-icache-load-misses,100501636,100.00,,
    18.874446160,6707,,LLC-stores,100501489,100.00,,
    18.874446160,1141233,,instructions,100501164,100.00,,
    18.974880452,67805,,cache-misses,100436581,100.00,,
    18.974880452,61558,,L1-icache-load-misses,100436938,100.00,,
    18.974880452,2256,,LLC-stores,100436894,100.00,,
    18.974880452,334797,,instructions,100436872,100.00,,
    19.075223648,64278,,cache-misses,100344796,100.00,,
    19.075223648,53849,,L1-icache-load-misses,100344471,100.00,,
    19.075223648,1704,,LLC-stores,100344573,100.00,,
    19.075223648,264620,,instructions,100344673,100.00,,
    19.175525648,104323,,cache-misses,100316535,100.00,,
    19.175525648,100849,,L1-icache-load-misses,100317731,100.00,,
    19.175525648,3644,,LLC-stores,100319930,100.00,,
    19.175525648,599352,,instructions,100320547,100.00,,
    19.276052538,88051,,cache-misses,100523512,100.00,,
    19.276052538,100266,,L1-icache-load-misses,100522246,100.00,,
    19.276052538,3139,,LLC-stores,100520191,100.00,,
    19.276052538,765569,,instructions,100519369,100.00,,
    19.376384234,178798,,cache-misses,100346660,100.00,,
    19.376384234,384080,,L1-icache-load-misses,100343658,100.00,,
    19.376384234,14162,,LLC-stores,100340854,100.00,,
    19.376384234,10153449,,instructions,100338317,100.00,,
    19.476625431,135415,,cache-misses,100242015,100.00,,
    19.476625431,196090,,L1-icache-load-misses,100247761,100.00,,
    19.476625431,7875,,LLC-stores,100251438,100.00,,
    19.476625431,4701997,,instructions,100256036,100.00,,
    19.577229743,45724,,cache-misses,100601183,100.00,,
    19.577229743,35238,,L1-icache-load-misses,100598470,100.00,,
    19.577229743,1238,,LLC-stores,100597393,100.00,,
    19.577229743,209484,,instructions,100595475,100.00,,
    19.677537440,64628,,cache-misses,100318528,100.00,,
    19.677537440,54299,,L1-icache-load-misses,100319419,100.00,,
    19.677537440,2495,,LLC-stores,100321777,100.00,,
    19.677537440,1429734,,instructions,100322559,100.00,,
    19.778130517,38475,,cache-misses,100590580,100.00,,
    19.778130517,32478,,L1-icache-load-misses,100589733,100.00,,
    19.778130517,1186,,LLC-stores,100587724,100.00,,
    19.778130517,193677,,instructions,100586797,100.00,,
    19.878399183,45423,,cache-misses,100246980,100.00,,
    19.878399183,59236,,L1-icache-load-misses,100243977,100.00,,
    19.878399183,2839,,LLC-stores,100241107,100.00,,
    19.878399183,1494378,,instructions,100238936,100.00,,
    19.978570214,39680,,cache-misses,100171183,100.00,,
    19.978570214,94549,,L1-icache-load-misses,100170791,100.00,,
    19.978570214,4879,,LLC-stores,100171120,100.00,,
    19.978570214,1836094,,instructions,100170995,100.00,,
    20.078724638,9495,,cache-misses,100156553,100.00,,
    20.078724638,32357,,L1-icache-load-misses,100156182,100.00,,
    20.078724638,2605,,LLC-stores,100155804,100.00,,
    20.078724638,346540,,instructions,100155599,100.00,,
    20.178871446,21621,,cache-misses,100156851,100.00,,
    20.178871446,54681,,L1-icache-load-misses,100157192,100.00,,
    20.178871446,3151,,LLC-stores,100157465,100.00,,
    20.178871446,448435,,instructions,100157442,100.00,,
    20.279126374,99159,,cache-misses,100282217,100.00,,
    20.279126374,116220,,L1-icache-load-misses,100285405,100.00,,
    20.279126374,3645,,LLC-stores,100287462,100.00,,
    20.279126374,814618,,instructions,100289686,100.00,,
    20.379644912,96493,,cache-misses,100525549,100.00,,
    20.379644912,89132,,L1-icache-load-misses,100525822,100.00,,
    20.379644912,3297,,LLC-stores,100526165,100.00,,
    20.379644912,1611969,,instructions,100526438,100.00,,
    20.480176071,72997,,cache-misses,100536135,100.00,,
    20.480176071,59414,,L1-icache-load-misses,100536309,100.00,,
    20.480176071,1691,,LLC-stores,100536513,100.00,,
    20.480176071,340997,,instructions,100536519,100.00,,
    20.580535766,91868,,cache-misses,101052580,100.00,,
    20.580535766,79292,,L1-icache-load-misses,101054493,100.00,,
    20.580535766,2619,,LLC-stores,101055635,100.00,,
    20.580535766,1553221,,instructions,101056695,100.00,,
    20.681615564,101237,,cache-misses,100390797,100.00,,
    20.681615564,83872,,L1-icache-load-misses,100388691,100.00,,
    20.681615564,2822,,LLC-stores,100387357,100.00,,
    20.681615564,632824,,instructions,100386603,100.00,,
    20.781970364,42256,,cache-misses,100360540,100.00,,
    20.781970364,41310,,L1-icache-load-misses,100360517,100.00,,
    20.781970364,1642,,LLC-stores,100360474,100.00,,
    20.781970364,249781,,instructions,100360092,100.00,,
    20.882497687,100494,,cache-misses,100533757,100.00,,
    20.882497687,99773,,L1-icache-load-misses,100533770,100.00,,
    20.882497687,3625,,LLC-stores,100533821,100.00,,
    20.882497687,607175,,instructions,100534060,100.00,,
    20.983034024,94558,,cache-misses,100540486,100.00,,
    20.983034024,79172,,L1-icache-load-misses,100540848,100.00,,
    20.983034024,5872,,LLC-stores,100540826,100.00,,
    20.983034024,2067180,,instructions,100540667,100.00,,
    21.083389178,91625,,cache-misses,100356085,100.00,,
    21.083389178,134795,,L1-icache-load-misses,100355514,100.00,,
    21.083389178,4832,,LLC-stores,100355506,100.00,,
    21.083389178,1037444,,instructions,100355588,100.00,,
    21.183858194,94628,,cache-misses,100475033,100.00,,
    21.183858194,98616,,L1-icache-load-misses,100474962,100.00,,
    21.183858194,3393,,LLC-stores,100474944,100.00,,
    21.183858194,735605,,instructions,100474697,100.00,,
    21.284263103,46665,,cache-misses,100410617,100.00,,
    21.284263103,50663,,L1-icache-load-misses,100410767,100.00,,
    21.284263103,1531,,LLC-stores,100410756,100.00,,
    21.284263103,234327,,instructions,100410885,100.00,,
    21.384637523,68319,,cache-misses,100374466,100.00,,
    21.384637523,62423,,L1-icache-load-misses,100374543,100.00,,
    21.384637523,1713,,LLC-stores,100374547,100.00,,
    21.384637523,391872,,instructions,100374665,100.00,,
    21.485070678,56392,,cache-misses,100441411,100.00,,
    21.485070678,47069,,L1-icache-load-misses,100441837,100.00,,
    21.485070678,1616,,LLC-stores,100442212,100.00,,
    21.485070678,420599,,instructions,100442245,100.00,,
    21.585593108,128119,,cache-misses,100504667,100.00,,
    21.585593108,136302,,L1-icache-load-misses,100500850,100.00,,
    21.585593108,5828,,LLC-stores,100498174,100.00,,
    21.585593108,3201615,,instructions,100495690,100.00,,
    21.686029590,141887,,cache-misses,100469853,100.00,,
    21.686029590,146531,,L1-icache-load-misses,100474930,100.00,,
    21.686029590,5586,,LLC-stores,100478030,100.00,,
    21.686029590,3968006,,instructions,100481820,100.00,,
    21.786587482,64040,,cache-misses,100555173,100.00,,
    21.786587482,54279,,L1-icache-load-misses,100561214,100.00,,
    21.786587482,1723,,LLC-stores,100561746,100.00,,
    21.786587482,405273,,instructions,100596168,100.00,,
    21.886977069,62182,,cache-misses,100392142,100.00,,
    21.886977069,63544,,L1-icache-load-misses,100384189,100.00,,
    21.886977069,1860,,LLC-stores,100382793,100.00,,
    21.886977069,354846,,instructions,100346990,100.00,,
    21.987530632,84320,,cache-misses,100558632,100.00,,
    21.987530632,71583,,L1-icache-load-misses,100558997,100.00,,
    21.987530632,2131,,LLC-stores,100559099,100.00,,
    21.987530632,535505,,instructions,100559036,100.00,,
    22.087894819,64896,,cache-misses,100366674,100.00,,
    22.087894819,59006,,L1-icache-load-misses,100366607,100.00,,
    22.087894819,1608,,LLC-stores,100366628,100.00,,
    22.087894819,344819,,instructions,100366913,100.00,,
    22.188307757,323305,,cache-misses,100397540,100.00,,
    22.188307757,350729,,L1-icache-load-misses,100394488,100.00,,
    22.188307757,33650,,LLC-stores,100391935,100.00,,
    22.188307757,12426902,,instructions,100389534,100.00,,
