# started on Tue Feb  7 13:38:29 2023

     0.100075337,962435,,dTLB-loads,100110681,100.00,,
     0.100075337,3019,,iTLB-loads,100107697,100.00,,
     0.100075337,2980,,node-stores,100106574,100.00,,
     0.100075337,3292141,,instructions,100104204,100.00,,
     0.200325422,1532254,,dTLB-loads,100254387,100.00,,
     0.200325422,7865,,iTLB-loads,100254544,100.00,,
     0.200325422,2392,,node-stores,100254191,100.00,,
     0.200325422,5652240,,instructions,100254453,100.00,,
     0.300543549,117821,,dTLB-loads,100219489,100.00,,
     0.300543549,391,,iTLB-loads,100219241,100.00,,
     0.300543549,575,,node-stores,100219341,100.00,,
     0.300543549,448054,,instructions,100219037,100.00,,
     0.400725582,1925829,,dTLB-loads,100186251,100.00,,
     0.400725582,6191,,iTLB-loads,100186113,100.00,,
     0.400725582,2860,,node-stores,100186030,100.00,,
     0.400725582,6601718,,instructions,100185996,100.00,,
     0.500913262,86272,,dTLB-loads,100189830,100.00,,
     0.500913262,188,,iTLB-loads,100189685,100.00,,
     0.500913262,485,,node-stores,100189758,100.00,,
     0.500913262,330214,,instructions,100189753,100.00,,
     0.601066293,94175,,dTLB-loads,100159522,100.00,,
     0.601066293,161,,iTLB-loads,100159764,100.00,,
     0.601066293,236,,node-stores,100159847,100.00,,
     0.601066293,359014,,instructions,100160083,100.00,,
     0.701261344,122404,,dTLB-loads,100198239,100.00,,
     0.701261344,155,,iTLB-loads,100198041,100.00,,
     0.701261344,155,,node-stores,100198133,100.00,,
     0.701261344,471362,,instructions,100197917,100.00,,
     0.801453986,1948060,,dTLB-loads,100197094,100.00,,
     0.801453986,5500,,iTLB-loads,100197290,100.00,,
     0.801453986,2229,,node-stores,100196985,100.00,,
     0.801453986,6642646,,instructions,100196971,100.00,,
     0.901640707,201964,,dTLB-loads,100190587,100.00,,
     0.901640707,1207,,iTLB-loads,100190483,100.00,,
     0.901640707,507,,node-stores,100190514,100.00,,
     0.901640707,756642,,instructions,100190541,100.00,,
     1.001828036,969571,,dTLB-loads,100193468,100.00,,
     1.001828036,2887,,iTLB-loads,100194147,100.00,,
     1.001828036,1268,,node-stores,100194580,100.00,,
     1.001828036,3305774,,instructions,100195317,100.00,,
     1.101993371,197544,,dTLB-loads,100166834,100.00,,
     1.101993371,657,,iTLB-loads,100166691,100.00,,
     1.101993371,516,,node-stores,100166502,100.00,,
     1.101993371,740070,,instructions,100166138,100.00,,
     1.202175669,223462,,dTLB-loads,100185459,100.00,,
     1.202175669,833,,iTLB-loads,100184791,100.00,,
     1.202175669,203,,node-stores,100184475,100.00,,
     1.202175669,830750,,instructions,100184296,100.00,,
     1.302355142,113713,,dTLB-loads,100182923,100.00,,
     1.302355142,107,,iTLB-loads,100182612,100.00,,
     1.302355142,80,,node-stores,100182658,100.00,,
     1.302355142,427267,,instructions,100182433,100.00,,
     1.402527462,109358,,dTLB-loads,100174969,100.00,,
     1.402527462,98,,iTLB-loads,100175036,100.00,,
     1.402527462,90,,node-stores,100174979,100.00,,
     1.402527462,412549,,instructions,100175034,100.00,,
     1.502701708,104241,,dTLB-loads,100179058,100.00,,
     1.502701708,106,,iTLB-loads,100179036,100.00,,
     1.502701708,58,,node-stores,100179046,100.00,,
     1.502701708,396025,,instructions,100179354,100.00,,
     1.602880022,935741,,dTLB-loads,100187866,100.00,,
     1.602880022,2445,,iTLB-loads,100188493,100.00,,
     1.602880022,1162,,node-stores,100188601,100.00,,
     1.602880022,3185221,,instructions,100188671,100.00,,
     1.703075410,114325,,dTLB-loads,100200319,100.00,,
     1.703075410,104,,iTLB-loads,100200783,100.00,,
     1.703075410,203,,node-stores,100200759,100.00,,
     1.703075410,430572,,instructions,100200498,100.00,,
     1.803292239,123728,,dTLB-loads,100219689,100.00,,
     1.803292239,145,,iTLB-loads,100219101,100.00,,
     1.803292239,259,,node-stores,100219438,100.00,,
     1.803292239,465048,,instructions,100219385,100.00,,
     1.903495006,166822,,dTLB-loads,100211646,100.00,,
     1.903495006,1281,,iTLB-loads,100212425,100.00,,
     1.903495006,621,,node-stores,100212362,100.00,,
     1.903495006,626098,,instructions,100212774,100.00,,
     2.003719993,12521781,,dTLB-loads,100239482,100.00,,
     2.003719993,3161,,iTLB-loads,100239523,100.00,,
     2.003719993,129883,,node-stores,100239180,100.00,,
     2.003719993,42416536,,instructions,100238994,100.00,,
     2.103912333,48548395,,dTLB-loads,100179699,100.00,,
     2.103912333,18640,,iTLB-loads,100178849,100.00,,
     2.103912333,477241,,node-stores,100178923,100.00,,
     2.103912333,169303637,,instructions,100178661,100.00,,
     2.204060863,2325825,,dTLB-loads,100161101,100.00,,
     2.204060863,6987,,iTLB-loads,100162042,100.00,,
     2.204060863,5302,,node-stores,100162461,100.00,,
     2.204060863,7889504,,instructions,100162932,100.00,,
     2.304394680,151551,,dTLB-loads,100330490,100.00,,
     2.304394680,190,,iTLB-loads,100329588,100.00,,
     2.304394680,368,,node-stores,100329452,100.00,,
     2.304394680,571828,,instructions,100328980,100.00,,
     2.404588965,104787,,dTLB-loads,100197565,100.00,,
     2.404588965,133,,iTLB-loads,100197692,100.00,,
     2.404588965,189,,node-stores,100197418,100.00,,
     2.404588965,404157,,instructions,100197412,100.00,,
     2.504776875,97339,,dTLB-loads,100191997,100.00,,
     2.504776875,88,,iTLB-loads,100191750,100.00,,
     2.504776875,83,,node-stores,100191928,100.00,,
     2.504776875,369918,,instructions,100191917,100.00,,
     2.604966707,114225,,dTLB-loads,100194466,100.00,,
     2.604966707,132,,iTLB-loads,100194540,100.00,,
     2.604966707,382,,node-stores,100194320,100.00,,
     2.604966707,432014,,instructions,100194364,100.00,,
     2.705164096,91115,,dTLB-loads,100203936,100.00,,
     2.705164096,105,,iTLB-loads,100203983,100.00,,
     2.705164096,319,,node-stores,100204358,100.00,,
     2.705164096,350764,,instructions,100204675,100.00,,
     2.805363880,107318,,dTLB-loads,100202907,100.00,,
     2.805363880,182,,iTLB-loads,100202863,100.00,,
     2.805363880,569,,node-stores,100202484,100.00,,
     2.805363880,414055,,instructions,100202129,100.00,,
     2.905563083,100986,,dTLB-loads,100201880,100.00,,
     2.905563083,460,,iTLB-loads,100202000,100.00,,
     2.905563083,379,,node-stores,100202013,100.00,,
     2.905563083,382218,,instructions,100201992,100.00,,
     3.005752584,109662,,dTLB-loads,100191872,100.00,,
     3.005752584,105,,iTLB-loads,100191722,100.00,,
     3.005752584,169,,node-stores,100191683,100.00,,
     3.005752584,413911,,instructions,100191669,100.00,,
     3.105907945,316426,,dTLB-loads,100160415,100.00,,
     3.105907945,2266,,iTLB-loads,100160356,100.00,,
     3.105907945,2532,,node-stores,100160396,100.00,,
     3.105907945,1173488,,instructions,100160468,100.00,,
     3.206097765,104960,,dTLB-loads,100193492,100.00,,
     3.206097765,130,,iTLB-loads,100193464,100.00,,
     3.206097765,113,,node-stores,100193516,100.00,,
     3.206097765,393937,,instructions,100193562,100.00,,
     3.306254384,119372,,dTLB-loads,100162939,100.00,,
     3.306254384,192,,iTLB-loads,100163332,100.00,,
     3.306254384,213,,node-stores,100163786,100.00,,
     3.306254384,447724,,instructions,100163957,100.00,,
     3.406473135,1132445,,dTLB-loads,100220886,100.00,,
     3.406473135,4540,,iTLB-loads,100220523,100.00,,
     3.406473135,2123,,node-stores,100220016,100.00,,
     3.406473135,3884532,,instructions,100219872,100.00,,
     3.506659330,141537,,dTLB-loads,100191409,100.00,,
     3.506659330,176,,iTLB-loads,100191779,100.00,,
     3.506659330,344,,node-stores,100191808,100.00,,
     3.506659330,533501,,instructions,100191762,100.00,,
     3.606848315,100767,,dTLB-loads,100188281,100.00,,
     3.606848315,97,,iTLB-loads,100187724,100.00,,
     3.606848315,71,,node-stores,100187655,100.00,,
     3.606848315,377725,,instructions,100187546,100.00,,
     3.707017556,110835,,dTLB-loads,100172250,100.00,,
     3.707017556,106,,iTLB-loads,100172025,100.00,,
     3.707017556,38,,node-stores,100171992,100.00,,
     3.707017556,413592,,instructions,100171966,100.00,,
     3.807185365,135994,,dTLB-loads,100176589,100.00,,
     3.807185365,203,,iTLB-loads,100176961,100.00,,
     3.807185365,240,,node-stores,100177096,100.00,,
     3.807185365,505988,,instructions,100177149,100.00,,
     3.907376801,176966,,dTLB-loads,100196227,100.00,,
     3.907376801,1047,,iTLB-loads,100196360,100.00,,
     3.907376801,686,,node-stores,100196330,100.00,,
     3.907376801,681457,,instructions,100196355,100.00,,
     4.007564884,117179,,dTLB-loads,100191573,100.00,,
     4.007564884,161,,iTLB-loads,100191480,100.00,,
     4.007564884,168,,node-stores,100191436,100.00,,
     4.007564884,443822,,instructions,100191382,100.00,,
     4.107749818,128340,,dTLB-loads,100188068,100.00,,
     4.107749818,114,,iTLB-loads,100187853,100.00,,
     4.107749818,363,,node-stores,100187917,100.00,,
     4.107749818,486332,,instructions,100187940,100.00,,
     4.207934161,146377,,dTLB-loads,100194091,100.00,,
     4.207934161,142,,iTLB-loads,100194722,100.00,,
     4.207934161,284,,node-stores,100194705,100.00,,
     4.207934161,553581,,instructions,100194793,100.00,,
     4.308051935,26944963,,dTLB-loads,100120490,100.00,,
     4.308051935,9880,,iTLB-loads,100120387,100.00,,
     4.308051935,268459,,node-stores,100120608,100.00,,
     4.308051935,93471433,,instructions,100120486,100.00,,
     4.408225280,115717,,dTLB-loads,100176205,100.00,,
     4.408225280,151,,iTLB-loads,100176098,100.00,,
     4.408225280,300,,node-stores,100175946,100.00,,
     4.408225280,441343,,instructions,100176008,100.00,,
     4.509798668,24752840,,dTLB-loads,101578414,100.00,,
     4.509798668,9530,,iTLB-loads,101578681,100.00,,
     4.509798668,261268,,node-stores,101578671,100.00,,
     4.509798668,85541233,,instructions,101578641,100.00,,
     4.610009289,13517118,,dTLB-loads,100787618,100.00,,
     4.610009289,2210,,iTLB-loads,100787303,100.00,,
     4.610009289,133841,,node-stores,100787204,100.00,,
     4.610009289,45238615,,instructions,100787277,100.00,,
     4.710780756,6502126,,dTLB-loads,100202032,100.00,,
     4.710780756,3599,,iTLB-loads,100202286,100.00,,
     4.710780756,40435,,node-stores,100202335,100.00,,
     4.710780756,24488544,,instructions,100202557,100.00,,
     4.810982165,23597635,,dTLB-loads,100204624,100.00,,
     4.810982165,7843,,iTLB-loads,100204600,100.00,,
     4.810982165,262399,,node-stores,100204618,100.00,,
     4.810982165,81654709,,instructions,100204517,100.00,,
     4.911177597,1161155,,dTLB-loads,100200449,100.00,,
     4.911177597,1086,,iTLB-loads,100200418,100.00,,
     4.911177597,3630,,node-stores,100200455,100.00,,
     4.911177597,5351531,,instructions,100200540,100.00,,
     5.011374431,24129,,dTLB-loads,100199285,100.00,,
     5.011374431,53,,iTLB-loads,100199055,100.00,,
     5.011374431,96,,node-stores,100198967,100.00,,
     5.011374431,93483,,instructions,100198690,100.00,,
     5.111537948,386745,,dTLB-loads,100172654,100.00,,
     5.111537948,2812,,iTLB-loads,100173560,100.00,,
     5.111537948,1917,,node-stores,100174188,100.00,,
     5.111537948,1400400,,instructions,100174537,100.00,,
     5.211750501,2688300,,dTLB-loads,100211342,100.00,,
     5.211750501,7688,,iTLB-loads,100210385,100.00,,
     5.211750501,5949,,node-stores,100209751,100.00,,
     5.211750501,9093089,,instructions,100209346,100.00,,
     5.311913795,90058,,dTLB-loads,100170502,100.00,,
     5.311913795,90,,iTLB-loads,100171096,100.00,,
     5.311913795,345,,node-stores,100171353,100.00,,
     5.311913795,339304,,instructions,100171722,100.00,,
     5.412135664,56643,,dTLB-loads,100232977,100.00,,
     5.412135664,87,,iTLB-loads,100233363,100.00,,
     5.412135664,293,,node-stores,100233289,100.00,,
     5.412135664,218882,,instructions,100233124,100.00,,
     5.512349001,84415,,dTLB-loads,100207324,100.00,,
     5.512349001,102,,iTLB-loads,100206603,100.00,,
     5.512349001,172,,node-stores,100206503,100.00,,
     5.512349001,320766,,instructions,100206404,100.00,,
     5.612536697,94256,,dTLB-loads,100189947,100.00,,
     5.612536697,71,,iTLB-loads,100189511,100.00,,
     5.612536697,84,,node-stores,100189376,100.00,,
     5.612536697,353739,,instructions,100189370,100.00,,
     5.712713711,105435,,dTLB-loads,100180627,100.00,,
     5.712713711,70,,iTLB-loads,100180572,100.00,,
     5.712713711,66,,node-stores,100180579,100.00,,
     5.712713711,392128,,instructions,100180491,100.00,,
     5.812899513,994123,,dTLB-loads,100192363,100.00,,
     5.812899513,2649,,iTLB-loads,100192960,100.00,,
     5.812899513,2280,,node-stores,100193034,100.00,,
     5.812899513,3375233,,instructions,100193097,100.00,,
     5.913098552,1815776,,dTLB-loads,100204327,100.00,,
     5.913098552,5542,,iTLB-loads,100203888,100.00,,
     5.913098552,2729,,node-stores,100203919,100.00,,
     5.913098552,6160181,,instructions,100203922,100.00,,
     6.013287312,2297779,,dTLB-loads,100191345,100.00,,
     6.013287312,7213,,iTLB-loads,100191377,100.00,,
     6.013287312,3236,,node-stores,100191301,100.00,,
     6.013287312,7833152,,instructions,100191315,100.00,,
     6.113493089,2460361,,dTLB-loads,100210078,100.00,,
     6.113493089,8415,,iTLB-loads,100210289,100.00,,
     6.113493089,3845,,node-stores,100210352,100.00,,
     6.113493089,8431365,,instructions,100210426,100.00,,
     6.213683454,847119,,dTLB-loads,100210002,100.00,,
     6.213683454,2419,,iTLB-loads,100209981,100.00,,
     6.213683454,1451,,node-stores,100210042,100.00,,
     6.213683454,2916700,,instructions,100210071,100.00,,
     6.313876578,228306,,dTLB-loads,100188594,100.00,,
     6.313876578,370,,iTLB-loads,100188916,100.00,,
     6.313876578,557,,node-stores,100188888,100.00,,
     6.313876578,854743,,instructions,100188784,100.00,,
     6.414072271,449660,,dTLB-loads,100193514,100.00,,
     6.414072271,845,,iTLB-loads,100193093,100.00,,
     6.414072271,540,,node-stores,100192992,100.00,,
     6.414072271,1686379,,instructions,100193038,100.00,,
     6.514236052,2322282,,dTLB-loads,100167218,100.00,,
     6.514236052,6385,,iTLB-loads,100167169,100.00,,
     6.514236052,3260,,node-stores,100167250,100.00,,
     6.514236052,7922794,,instructions,100167123,100.00,,
     6.614425931,214584,,dTLB-loads,100194162,100.00,,
     6.614425931,416,,iTLB-loads,100194099,100.00,,
     6.614425931,596,,node-stores,100194028,100.00,,
     6.614425931,805909,,instructions,100194063,100.00,,
     6.714612166,1536842,,dTLB-loads,100190675,100.00,,
     6.714612166,2606,,iTLB-loads,100190981,100.00,,
     6.714612166,436,,node-stores,100191019,100.00,,
     6.714612166,5665063,,instructions,100191010,100.00,,
     6.814826869,1572691,,dTLB-loads,100218153,100.00,,
     6.814826869,3299,,iTLB-loads,100218085,100.00,,
     6.814826869,1471,,node-stores,100218031,100.00,,
     6.814826869,6037002,,instructions,100218082,100.00,,
     6.915013272,1754308,,dTLB-loads,100191227,100.00,,
     6.915013272,6768,,iTLB-loads,100191287,100.00,,
     6.915013272,3302,,node-stores,100191365,100.00,,
     6.915013272,5995669,,instructions,100191332,100.00,,
     7.015206994,2483331,,dTLB-loads,100198241,100.00,,
     7.015206994,7749,,iTLB-loads,100198122,100.00,,
     7.015206994,3653,,node-stores,100198067,100.00,,
     7.015206994,8462980,,instructions,100198273,100.00,,
     7.115394738,2827170,,dTLB-loads,100190818,100.00,,
     7.115394738,9051,,iTLB-loads,100190746,100.00,,
     7.115394738,4692,,node-stores,100190737,100.00,,
     7.115394738,9568072,,instructions,100190597,100.00,,
     7.215581898,2315109,,dTLB-loads,100191064,100.00,,
     7.215581898,8573,,iTLB-loads,100190937,100.00,,
     7.215581898,4107,,node-stores,100190956,100.00,,
     7.215581898,7905380,,instructions,100190878,100.00,,
     7.315738860,2248251,,dTLB-loads,100161055,100.00,,
     7.315738860,7238,,iTLB-loads,100161000,100.00,,
     7.315738860,4020,,node-stores,100161067,100.00,,
     7.315738860,7661481,,instructions,100161203,100.00,,
     7.415924534,2249602,,dTLB-loads,100191276,100.00,,
     7.415924534,7699,,iTLB-loads,100191467,100.00,,
     7.415924534,4111,,node-stores,100191429,100.00,,
     7.415924534,7667020,,instructions,100191409,100.00,,
     7.516074332,3992810,,dTLB-loads,100173045,100.00,,
     7.516074332,13148,,iTLB-loads,100175628,100.00,,
     7.516074332,6376,,node-stores,100177208,100.00,,
     7.516074332,13472611,,instructions,100178206,100.00,,
     7.616308471,96892,,dTLB-loads,100232407,100.00,,
     7.616308471,284,,iTLB-loads,100230108,100.00,,
     7.616308471,369,,node-stores,100228872,100.00,,
     7.616308471,365540,,instructions,100228321,100.00,,
     7.716516099,256784,,dTLB-loads,100197117,100.00,,
     7.716516099,506,,iTLB-loads,100196682,100.00,,
     7.716516099,335,,node-stores,100196284,100.00,,
     7.716516099,967038,,instructions,100195981,100.00,,
     7.816720231,9831473,,dTLB-loads,100223778,100.00,,
     7.816720231,1583,,iTLB-loads,100224177,100.00,,
     7.816720231,122118,,node-stores,100224645,100.00,,
     7.816720231,32527478,,instructions,100224905,100.00,,
     7.916939201,17453703,,dTLB-loads,100207870,100.00,,
     7.916939201,14297,,iTLB-loads,100207726,100.00,,
     7.916939201,98502,,node-stores,100207360,100.00,,
     7.916939201,63736020,,instructions,100206929,100.00,,
     8.017127813,486371,,dTLB-loads,100192583,100.00,,
     8.017127813,713,,iTLB-loads,100192435,100.00,,
     8.017127813,644,,node-stores,100192632,100.00,,
     8.017127813,1800763,,instructions,100192626,100.00,,
     8.117315764,351180,,dTLB-loads,100192411,100.00,,
     8.117315764,580,,iTLB-loads,100192409,100.00,,
     8.117315764,708,,node-stores,100192100,100.00,,
     8.117315764,1323705,,instructions,100192011,100.00,,
     8.217505341,8151519,,dTLB-loads,100209527,100.00,,
     8.217505341,1112,,iTLB-loads,100209417,100.00,,
     8.217505341,116526,,node-stores,100209376,100.00,,
     8.217505341,27068444,,instructions,100209385,100.00,,
     8.317746163,4441201,,dTLB-loads,100228560,100.00,,
     8.317746163,3290,,iTLB-loads,100228491,100.00,,
     8.317746163,28113,,node-stores,100228574,100.00,,
     8.317746163,16582846,,instructions,100228773,100.00,,
     8.417934695,118526,,dTLB-loads,100192596,100.00,,
     8.417934695,221,,iTLB-loads,100192806,100.00,,
     8.417934695,359,,node-stores,100192796,100.00,,
     8.417934695,441718,,instructions,100192660,100.00,,
     8.518131560,12467659,,dTLB-loads,100276985,100.00,,
     8.518131560,1052,,iTLB-loads,100277078,100.00,,
     8.518131560,153644,,node-stores,100277074,100.00,,
     8.518131560,40984036,,instructions,100276976,100.00,,
     8.618399524,11113295,,dTLB-loads,100218831,100.00,,
     8.618399524,5551,,iTLB-loads,100219166,100.00,,
     8.618399524,77638,,node-stores,100219383,100.00,,
     8.618399524,41109782,,instructions,100219510,100.00,,
     8.718610113,125328,,dTLB-loads,100192313,100.00,,
     8.718610113,155,,iTLB-loads,100191851,100.00,,
     8.718610113,473,,node-stores,100191697,100.00,,
     8.718610113,468538,,instructions,100191709,100.00,,
     8.818823353,357182,,dTLB-loads,100216622,100.00,,
     8.818823353,592,,iTLB-loads,100216731,100.00,,
     8.818823353,297,,node-stores,100216672,100.00,,
     8.818823353,1336428,,instructions,100216599,100.00,,
     8.919008173,26130897,,dTLB-loads,100189108,100.00,,
     8.919008173,1626,,iTLB-loads,100189256,100.00,,
     8.919008173,12860,,node-stores,100189285,100.00,,
     8.919008173,92920906,,instructions,100189317,100.00,,
     9.019196516,128032,,dTLB-loads,100192488,100.00,,
     9.019196516,202,,iTLB-loads,100192169,100.00,,
     9.019196516,383,,node-stores,100192167,100.00,,
     9.019196516,482551,,instructions,100192124,100.00,,
     9.119372791,435999,,dTLB-loads,100182187,100.00,,
     9.119372791,739,,iTLB-loads,100182752,100.00,,
     9.119372791,540,,node-stores,100182879,100.00,,
     9.119372791,1616214,,instructions,100183014,100.00,,
     9.219561488,1241482,,dTLB-loads,100192702,100.00,,
     9.219561488,11481,,iTLB-loads,100193049,100.00,,
     9.219561488,5132,,node-stores,100193006,100.00,,
     9.219561488,4487944,,instructions,100193041,100.00,,
     9.319762373,1815399,,dTLB-loads,100203255,100.00,,
     9.319762373,18220,,iTLB-loads,100202334,100.00,,
     9.319762373,7434,,node-stores,100202272,100.00,,
     9.319762373,6542782,,instructions,100202108,100.00,,
     9.419965598,3245182,,dTLB-loads,100207535,100.00,,
     9.419965598,15861,,iTLB-loads,100208008,100.00,,
     9.419965598,6397,,node-stores,100208023,100.00,,
     9.419965598,11119856,,instructions,100208100,100.00,,
     9.520164086,2902711,,dTLB-loads,100255305,100.00,,
     9.520164086,9024,,iTLB-loads,100255527,100.00,,
     9.520164086,4691,,node-stores,100255597,100.00,,
     9.520164086,9850970,,instructions,100255668,100.00,,
     9.620494447,2277301,,dTLB-loads,100281535,100.00,,
     9.620494447,6897,,iTLB-loads,100280875,100.00,,
     9.620494447,4252,,node-stores,100280711,100.00,,
     9.620494447,7763323,,instructions,100280541,100.00,,
     9.720681548,2220911,,dTLB-loads,100190486,100.00,,
     9.720681548,6587,,iTLB-loads,100190471,100.00,,
     9.720681548,3794,,node-stores,100190735,100.00,,
     9.720681548,7553578,,instructions,100190852,100.00,,
     9.820859459,2216362,,dTLB-loads,100182167,100.00,,
     9.820859459,6847,,iTLB-loads,100182160,100.00,,
     9.820859459,3490,,node-stores,100181921,100.00,,
     9.820859459,7536394,,instructions,100181845,100.00,,
     9.921053730,2389612,,dTLB-loads,100209386,100.00,,
     9.921053730,7454,,iTLB-loads,100210996,100.00,,
     9.921053730,4125,,node-stores,100211318,100.00,,
     9.921053730,8046821,,instructions,100211768,100.00,,
    10.021288116,2349438,,dTLB-loads,100228787,100.00,,
    10.021288116,7124,,iTLB-loads,100227487,100.00,,
    10.021288116,3397,,node-stores,100227687,100.00,,
    10.021288116,7970287,,instructions,100227492,100.00,,
    10.121495438,918472,,dTLB-loads,100211560,100.00,,
    10.121495438,3406,,iTLB-loads,100211384,100.00,,
    10.121495438,2198,,node-stores,100210826,100.00,,
    10.121495438,3179549,,instructions,100210528,100.00,,
    10.221706092,30126,,dTLB-loads,100215237,100.00,,
    10.221706092,61,,iTLB-loads,100215375,100.00,,
    10.221706092,124,,node-stores,100215428,100.00,,
    10.221706092,116919,,instructions,100215457,100.00,,
    10.321918545,1143304,,dTLB-loads,100214286,100.00,,
    10.321918545,3983,,iTLB-loads,100213977,100.00,,
    10.321918545,2091,,node-stores,100213933,100.00,,
    10.321918545,3973097,,instructions,100214035,100.00,,
    10.422105629,35778,,dTLB-loads,100189823,100.00,,
    10.422105629,65,,iTLB-loads,100189714,100.00,,
    10.422105629,124,,node-stores,100189715,100.00,,
    10.422105629,139747,,instructions,100189562,100.00,,
    10.522287782,1211229,,dTLB-loads,100187587,100.00,,
    10.522287782,4039,,iTLB-loads,100187754,100.00,,
    10.522287782,2836,,node-stores,100187727,100.00,,
    10.522287782,4099670,,instructions,100187722,100.00,,
    10.622475668,98249,,dTLB-loads,100190130,100.00,,
    10.622475668,112,,iTLB-loads,100189846,100.00,,
    10.622475668,101,,node-stores,100189864,100.00,,
    10.622475668,362317,,instructions,100189874,100.00,,
    10.722632491,211858,,dTLB-loads,100212480,100.00,,
    10.722632491,511,,iTLB-loads,100213089,100.00,,
    10.722632491,43,,node-stores,100213168,100.00,,
    10.722632491,789655,,instructions,100213193,100.00,,
    10.822867105,2842492,,dTLB-loads,100188995,100.00,,
    10.822867105,9396,,iTLB-loads,100188728,100.00,,
    10.822867105,2373,,node-stores,100188692,100.00,,
    10.822867105,9878166,,instructions,100188737,100.00,,
    10.923053315,1055260,,dTLB-loads,100190508,100.00,,
    10.923053315,3064,,iTLB-loads,100190433,100.00,,
    10.923053315,360,,node-stores,100190411,100.00,,
    10.923053315,3928417,,instructions,100190550,100.00,,
    11.023167687,1058180,,dTLB-loads,100147174,100.00,,
    11.023167687,2981,,iTLB-loads,100146843,100.00,,
    11.023167687,72,,node-stores,100146825,100.00,,
    11.023167687,3927975,,instructions,100146593,100.00,,
    11.123377343,1892719,,dTLB-loads,100184735,100.00,,
    11.123377343,6367,,iTLB-loads,100185088,100.00,,
    11.123377343,1400,,node-stores,100185138,100.00,,
    11.123377343,6716362,,instructions,100185247,100.00,,
    11.223560438,713923,,dTLB-loads,100184487,100.00,,
    11.223560438,2035,,iTLB-loads,100184201,100.00,,
    11.223560438,70,,node-stores,100184111,100.00,,
    11.223560438,2659371,,instructions,100184009,100.00,,
    11.323743263,1023494,,dTLB-loads,100186327,100.00,,
    11.323743263,3067,,iTLB-loads,100186482,100.00,,
    11.323743263,140,,node-stores,100186536,100.00,,
    11.323743263,3801336,,instructions,100186507,100.00,,
    11.423914718,1043599,,dTLB-loads,100175308,100.00,,
    11.423914718,3097,,iTLB-loads,100175052,100.00,,
    11.423914718,144,,node-stores,100175000,100.00,,
    11.423914718,3873751,,instructions,100175036,100.00,,
    11.524066538,997835,,dTLB-loads,100158881,100.00,,
    11.524066538,3092,,iTLB-loads,100159212,100.00,,
    11.524066538,31,,node-stores,100159868,100.00,,
    11.524066538,3717945,,instructions,100172801,100.00,,
    11.624228150,1019417,,dTLB-loads,100163721,100.00,,
    11.624228150,3257,,iTLB-loads,100163822,100.00,,
    11.624228150,93,,node-stores,100163239,100.00,,
    11.624228150,3783453,,instructions,100150322,100.00,,
    11.724428266,22288346,,dTLB-loads,101086425,100.00,,
    11.724428266,7251,,iTLB-loads,101086488,100.00,,
    11.724428266,220189,,node-stores,101086469,100.00,,
    11.724428266,74937550,,instructions,101086448,100.00,,
    11.825501065,8680091,,dTLB-loads,100200146,100.00,,
    11.825501065,5084,,iTLB-loads,100200430,100.00,,
    11.825501065,54726,,node-stores,100200445,100.00,,
    11.825501065,32735046,,instructions,100200678,100.00,,
    11.925700846,107658,,dTLB-loads,100205370,100.00,,
    11.925700846,266,,iTLB-loads,100205387,100.00,,
    11.925700846,295,,node-stores,100205702,100.00,,
    11.925700846,411382,,instructions,100205642,100.00,,
    12.025902620,220301,,dTLB-loads,100204560,100.00,,
    12.025902620,1839,,iTLB-loads,100204759,100.00,,
    12.025902620,2056,,node-stores,100204533,100.00,,
    12.025902620,818951,,instructions,100204438,100.00,,
    12.126104709,296109,,dTLB-loads,100205819,100.00,,
    12.126104709,1168,,iTLB-loads,100205770,100.00,,
    12.126104709,1049,,node-stores,100205699,100.00,,
    12.126104709,1099781,,instructions,100205723,100.00,,
    12.226310143,35105,,dTLB-loads,100208015,100.00,,
    12.226310143,58,,iTLB-loads,100207818,100.00,,
    12.226310143,100,,node-stores,100207887,100.00,,
    12.226310143,139236,,instructions,100208026,100.00,,
    12.326503070,26123337,,dTLB-loads,100200523,100.00,,
    12.326503070,12445,,iTLB-loads,100200464,100.00,,
    12.326503070,237054,,node-stores,100200414,100.00,,
    12.326503070,89914613,,instructions,100200294,100.00,,
    12.426703622,2963781,,dTLB-loads,100201751,100.00,,
    12.426703622,3708,,iTLB-loads,100201979,100.00,,
    12.426703622,14038,,node-stores,100201994,100.00,,
    12.426703622,10743396,,instructions,100201900,100.00,,
    12.526894161,24522,,dTLB-loads,100192855,100.00,,
    12.526894161,52,,iTLB-loads,100192253,100.00,,
    12.526894161,101,,node-stores,100192630,100.00,,
    12.526894161,95333,,instructions,100192700,100.00,,
    12.627080631,960803,,dTLB-loads,100190737,100.00,,
    12.627080631,2897,,iTLB-loads,100190860,100.00,,
    12.627080631,89,,node-stores,100190458,100.00,,
    12.627080631,3607510,,instructions,100190458,100.00,,
    12.727312428,1397768,,dTLB-loads,100254705,100.00,,
    12.727312428,4301,,iTLB-loads,100257255,100.00,,
    12.727312428,5442,,node-stores,100259038,100.00,,
    12.727312428,4995659,,instructions,100260853,100.00,,
    12.827592657,25415,,dTLB-loads,100292741,100.00,,
    12.827592657,58,,iTLB-loads,100294933,100.00,,
    12.827592657,150,,node-stores,100295905,100.00,,
    12.827592657,99159,,instructions,100297867,100.00,,
    12.927965334,1394068,,dTLB-loads,100367340,100.00,,
    12.927965334,4310,,iTLB-loads,100365068,100.00,,
    12.927965334,4668,,node-stores,100364136,100.00,,
    12.927965334,4917793,,instructions,100362188,100.00,,
    13.028242316,935207,,dTLB-loads,100283663,100.00,,
    13.028242316,4144,,iTLB-loads,100283928,100.00,,
    13.028242316,7138,,node-stores,100284201,100.00,,
    13.028242316,3513545,,instructions,100284383,100.00,,
    13.128570039,195200,,dTLB-loads,100330200,100.00,,
    13.128570039,617,,iTLB-loads,100330027,100.00,,
    13.128570039,920,,node-stores,100329694,100.00,,
    13.128570039,737353,,instructions,100329432,100.00,,
    13.228906597,848210,,dTLB-loads,100342677,100.00,,
    13.228906597,2870,,iTLB-loads,100343057,100.00,,
    13.228906597,7514,,node-stores,100343267,100.00,,
    13.228906597,3197656,,instructions,100343493,100.00,,
    13.329243407,27904,,dTLB-loads,100341578,100.00,,
    13.329243407,38,,iTLB-loads,100342317,100.00,,
    13.329243407,118,,node-stores,100342669,100.00,,
    13.329243407,106370,,instructions,100343012,100.00,,
    13.429633828,29856,,dTLB-loads,100396351,100.00,,
    13.429633828,60,,iTLB-loads,100395915,100.00,,
    13.429633828,218,,node-stores,100395768,100.00,,
    13.429633828,116449,,instructions,100395604,100.00,,
    13.529962822,23630,,dTLB-loads,100327187,100.00,,
    13.529962822,42,,iTLB-loads,100326517,100.00,,
    13.529962822,106,,node-stores,100326323,100.00,,
    13.529962822,91541,,instructions,100326036,100.00,,
    13.630405679,811298,,dTLB-loads,100454699,100.00,,
    13.630405679,2712,,iTLB-loads,100455686,100.00,,
    13.630405679,9567,,node-stores,100456136,100.00,,
    13.630405679,3052676,,instructions,100456486,100.00,,
    13.730684004,838434,,dTLB-loads,100277087,100.00,,
    13.730684004,2803,,iTLB-loads,100276197,100.00,,
    13.730684004,7332,,node-stores,100275743,100.00,,
    13.730684004,3159061,,instructions,100275592,100.00,,
    13.830989352,874357,,dTLB-loads,100370683,100.00,,
    13.830989352,3041,,iTLB-loads,100371336,100.00,,
    13.830989352,5803,,node-stores,100371348,100.00,,
    13.830989352,3302465,,instructions,100371263,100.00,,
    13.931303209,980707,,dTLB-loads,100316404,100.00,,
    13.931303209,3578,,iTLB-loads,100316224,100.00,,
    13.931303209,3880,,node-stores,100316135,100.00,,
    13.931303209,3694660,,instructions,100316050,100.00,,
    14.031815743,865130,,dTLB-loads,100526321,100.00,,
    14.031815743,2915,,iTLB-loads,100526398,100.00,,
    14.031815743,5601,,node-stores,100526468,100.00,,
    14.031815743,3265436,,instructions,100526598,100.00,,
    14.132131418,274997,,dTLB-loads,100251862,100.00,,
    14.132131418,763,,iTLB-loads,100251394,100.00,,
    14.132131418,2470,,node-stores,100251413,100.00,,
    14.132131418,1030225,,instructions,100251486,100.00,,
    14.232460443,27069,,dTLB-loads,100335461,100.00,,
    14.232460443,61,,iTLB-loads,100336626,100.00,,
    14.232460443,139,,node-stores,100337376,100.00,,
    14.232460443,105618,,instructions,100338267,100.00,,
    14.332814257,23766,,dTLB-loads,100357051,100.00,,
    14.332814257,50,,iTLB-loads,100356277,100.00,,
    14.332814257,110,,node-stores,100355805,100.00,,
    14.332814257,92365,,instructions,100355287,100.00,,
    14.433145664,858144,,dTLB-loads,100332818,100.00,,
    14.433145664,2899,,iTLB-loads,100332593,100.00,,
    14.433145664,5989,,node-stores,100332371,100.00,,
    14.433145664,3242774,,instructions,100331984,100.00,,
    14.533410033,884461,,dTLB-loads,100266876,100.00,,
    14.533410033,3039,,iTLB-loads,100266527,100.00,,
    14.533410033,3488,,node-stores,100266440,100.00,,
    14.533410033,3341192,,instructions,100266292,100.00,,
    14.633680624,850418,,dTLB-loads,100281418,100.00,,
    14.633680624,2995,,iTLB-loads,100282670,100.00,,
    14.633680624,6537,,node-stores,100283501,100.00,,
    14.633680624,3204359,,instructions,100284335,100.00,,
    14.734053615,847273,,dTLB-loads,100374386,100.00,,
    14.734053615,3085,,iTLB-loads,100374080,100.00,,
    14.734053615,6561,,node-stores,100373810,100.00,,
    14.734053615,3191726,,instructions,100373356,100.00,,
    14.834389717,830755,,dTLB-loads,100339715,100.00,,
    14.834389717,2713,,iTLB-loads,100339621,100.00,,
    14.834389717,8197,,node-stores,100339338,100.00,,
    14.834389717,3126253,,instructions,100339410,100.00,,
    14.934859827,100313,,dTLB-loads,100475937,100.00,,
    14.934859827,670,,iTLB-loads,100475505,100.00,,
    14.934859827,598,,node-stores,100475474,100.00,,
    14.934859827,385658,,instructions,100475324,100.00,,
    15.035205083,28824,,dTLB-loads,100344220,100.00,,
    15.035205083,69,,iTLB-loads,100343931,100.00,,
    15.035205083,158,,node-stores,100343816,100.00,,
    15.035205083,113117,,instructions,100343626,100.00,,
    15.135483581,847796,,dTLB-loads,100282276,100.00,,
    15.135483581,2780,,iTLB-loads,100282331,100.00,,
    15.135483581,5405,,node-stores,100282223,100.00,,
    15.135483581,3200910,,instructions,100282218,100.00,,
    15.235933109,857075,,dTLB-loads,100458266,100.00,,
    15.235933109,2892,,iTLB-loads,100458579,100.00,,
    15.235933109,5330,,node-stores,100458622,100.00,,
    15.235933109,3237209,,instructions,100458583,100.00,,
    15.336297163,210046,,dTLB-loads,100347325,100.00,,
    15.336297163,596,,iTLB-loads,100344443,100.00,,
    15.336297163,1708,,node-stores,100342666,100.00,,
    15.336297163,788116,,instructions,100340859,100.00,,
    15.436626256,49777,,dTLB-loads,100358965,100.00,,
    15.436626256,94,,iTLB-loads,100362823,100.00,,
    15.436626256,279,,node-stores,100365321,100.00,,
    15.436626256,189899,,instructions,100368016,100.00,,
    15.536976991,827699,,dTLB-loads,100346709,100.00,,
    15.536976991,2810,,iTLB-loads,100345735,100.00,,
    15.536976991,8809,,node-stores,100345352,100.00,,
    15.536976991,3120043,,instructions,100344713,100.00,,
    15.637433094,854926,,dTLB-loads,100521517,100.00,,
    15.637433094,2963,,iTLB-loads,100537811,100.00,,
    15.637433094,6138,,node-stores,100537994,100.00,,
    15.637433094,3221129,,instructions,100538088,100.00,,
    15.737787315,867902,,dTLB-loads,100297011,100.00,,
    15.737787315,2791,,iTLB-loads,100280599,100.00,,
    15.737787315,8033,,node-stores,100280437,100.00,,
    15.737787315,3326014,,instructions,100280390,100.00,,
    15.838179801,824004,,dTLB-loads,100469951,100.00,,
    15.838179801,2816,,iTLB-loads,100470626,100.00,,
    15.838179801,9058,,node-stores,100470884,100.00,,
    15.838179801,3102856,,instructions,100470827,100.00,,
    15.938598613,772298,,dTLB-loads,100351346,100.00,,
    15.938598613,2951,,iTLB-loads,100350979,100.00,,
    15.938598613,4440,,node-stores,100350726,100.00,,
    15.938598613,2907667,,instructions,100351030,100.00,,
    16.038927493,32242,,dTLB-loads,100334417,100.00,,
    16.038927493,65,,iTLB-loads,100334306,100.00,,
    16.038927493,206,,node-stores,100334294,100.00,,
    16.038927493,127429,,instructions,100334045,100.00,,
    16.139274260,354863,,dTLB-loads,100349317,100.00,,
    16.139274260,1100,,iTLB-loads,100349480,100.00,,
    16.139274260,3247,,node-stores,100349563,100.00,,
    16.139274260,1335622,,instructions,100349505,100.00,,
    16.239605129,829321,,dTLB-loads,100332668,100.00,,
    16.239605129,2746,,iTLB-loads,100332283,100.00,,
    16.239605129,8108,,node-stores,100332118,100.00,,
    16.239605129,3122735,,instructions,100331865,100.00,,
    16.339933446,268661,,dTLB-loads,100372828,100.00,,
    16.339933446,950,,iTLB-loads,100373833,100.00,,
    16.339933446,3297,,node-stores,100374148,100.00,,
    16.339933446,1014722,,instructions,100374676,100.00,,
    16.440280096,834175,,dTLB-loads,100311830,100.00,,
    16.440280096,2828,,iTLB-loads,100310886,100.00,,
    16.440280096,8835,,node-stores,100310548,100.00,,
    16.440280096,3141601,,instructions,100310225,100.00,,
    16.540552702,871651,,dTLB-loads,100272672,100.00,,
    16.540552702,2958,,iTLB-loads,100272310,100.00,,
    16.540552702,5543,,node-stores,100272028,100.00,,
    16.540552702,3287732,,instructions,100272150,100.00,,
    16.640850976,877927,,dTLB-loads,100304153,100.00,,
    16.640850976,2939,,iTLB-loads,100304144,100.00,,
    16.640850976,5177,,node-stores,100304136,100.00,,
    16.640850976,3308143,,instructions,100303805,100.00,,
    16.741264772,377189,,dTLB-loads,100421387,100.00,,
    16.741264772,251,,iTLB-loads,100421765,100.00,,
    16.741264772,781,,node-stores,100421916,100.00,,
    16.741264772,1422663,,instructions,100422042,100.00,,
    16.841606131,63372,,dTLB-loads,100349111,100.00,,
    16.841606131,218,,iTLB-loads,100349968,100.00,,
    16.841606131,455,,node-stores,100350451,100.00,,
    16.841606131,250032,,instructions,100350986,100.00,,
    16.942032356,168933,,dTLB-loads,100430719,100.00,,
    16.942032356,1336,,iTLB-loads,100430988,100.00,,
    16.942032356,853,,node-stores,100430979,100.00,,
    16.942032356,617043,,instructions,100430872,100.00,,
    17.042425964,31538,,dTLB-loads,100393277,100.00,,
    17.042425964,47,,iTLB-loads,100392782,100.00,,
    17.042425964,248,,node-stores,100392691,100.00,,
    17.042425964,122220,,instructions,100392409,100.00,,
    17.142751758,452430,,dTLB-loads,100321825,100.00,,
    17.142751758,230,,iTLB-loads,100320684,100.00,,
    17.142751758,1041,,node-stores,100319988,100.00,,
    17.142751758,1702627,,instructions,100319569,100.00,,
    17.243051490,24063,,dTLB-loads,100305964,100.00,,
    17.243051490,42,,iTLB-loads,100305955,100.00,,
    17.243051490,99,,node-stores,100305861,100.00,,
    17.243051490,93282,,instructions,100305825,100.00,,
    17.343453317,30682,,dTLB-loads,100414686,100.00,,
    17.343453317,49,,iTLB-loads,100415310,100.00,,
    17.343453317,134,,node-stores,100415863,100.00,,
    17.343453317,118569,,instructions,100416478,100.00,,
    17.443800727,29714,,dTLB-loads,100347496,100.00,,
    17.443800727,55,,iTLB-loads,100347946,100.00,,
    17.443800727,185,,node-stores,100348083,100.00,,
    17.443800727,115126,,instructions,100348004,100.00,,
    17.544140089,360404,,dTLB-loads,100346795,100.00,,
    17.544140089,158,,iTLB-loads,100346979,100.00,,
    17.544140089,541,,node-stores,100347237,100.00,,
    17.544140089,1358305,,instructions,100347506,100.00,,
    17.644490934,43323,,dTLB-loads,100354200,100.00,,
    17.644490934,119,,iTLB-loads,100354015,100.00,,
    17.644490934,308,,node-stores,100353915,100.00,,
    17.644490934,169263,,instructions,100353979,100.00,,
    17.744834648,65871,,dTLB-loads,100345470,100.00,,
    17.744834648,97,,iTLB-loads,100345528,100.00,,
    17.744834648,356,,node-stores,100345612,100.00,,
    17.744834648,254605,,instructions,100345576,100.00,,
    17.845162058,25447,,dTLB-loads,100333886,100.00,,
    17.845162058,50,,iTLB-loads,100333774,100.00,,
    17.845162058,111,,node-stores,100333721,100.00,,
    17.845162058,98523,,instructions,100333791,100.00,,
    17.945500711,11181380,,dTLB-loads,100340316,100.00,,
    17.945500711,1376,,iTLB-loads,100340057,100.00,,
    17.945500711,4032,,node-stores,100339747,100.00,,
    17.945500711,46061723,,instructions,100339273,100.00,,
    18.045844068,27598,,dTLB-loads,100349740,100.00,,
    18.045844068,68,,iTLB-loads,100350233,100.00,,
    18.045844068,171,,node-stores,100350880,100.00,,
    18.045844068,106423,,instructions,100351210,100.00,,
    18.146192494,521167,,dTLB-loads,100349645,100.00,,
    18.146192494,1128,,iTLB-loads,100349121,100.00,,
    18.146192494,1552,,node-stores,100348461,100.00,,
    18.146192494,1954394,,instructions,100348208,100.00,,
    18.246647411,24106,,dTLB-loads,100463601,100.00,,
    18.246647411,37,,iTLB-loads,100464195,100.00,,
    18.246647411,115,,node-stores,100464564,100.00,,
    18.246647411,93429,,instructions,100464802,100.00,,
    18.346925545,83695,,dTLB-loads,100260444,100.00,,
    18.346925545,258,,iTLB-loads,100257228,100.00,,
    18.346925545,646,,node-stores,100255151,100.00,,
    18.346925545,326377,,instructions,100253216,100.00,,
    18.447201215,659408,,dTLB-loads,100297386,100.00,,
    18.447201215,1708,,iTLB-loads,100300331,100.00,,
    18.447201215,1392,,node-stores,100302158,100.00,,
    18.447201215,2223764,,instructions,100304130,100.00,,
    18.547614316,352096,,dTLB-loads,100421443,100.00,,
    18.547614316,115,,iTLB-loads,100421696,100.00,,
    18.547614316,663,,node-stores,100421865,100.00,,
    18.547614316,1328908,,instructions,100421786,100.00,,
    18.647994121,38900,,dTLB-loads,100398288,100.00,,
    18.647994121,176,,iTLB-loads,100398142,100.00,,
    18.647994121,246,,node-stores,100398190,100.00,,
    18.647994121,151500,,instructions,100398280,100.00,,
    18.748357632,24239,,dTLB-loads,100352170,100.00,,
    18.748357632,51,,iTLB-loads,100352213,100.00,,
    18.748357632,107,,node-stores,100352285,100.00,,
    18.748357632,93799,,instructions,100352524,100.00,,
    18.848704952,74585,,dTLB-loads,100356068,100.00,,
    18.848704952,145,,iTLB-loads,100357021,100.00,,
    18.848704952,628,,node-stores,100357933,100.00,,
    18.848704952,290492,,instructions,100358633,100.00,,
    18.949144712,47731,,dTLB-loads,100433331,100.00,,
    18.949144712,135,,iTLB-loads,100431493,100.00,,
    18.949144712,373,,node-stores,100430018,100.00,,
    18.949144712,186523,,instructions,100428619,100.00,,
    19.049471183,357066,,dTLB-loads,100333713,100.00,,
    19.049471183,90,,iTLB-loads,100334321,100.00,,
    19.049471183,586,,node-stores,100334537,100.00,,
    19.049471183,1353055,,instructions,100334709,100.00,,
    19.149793318,208940,,dTLB-loads,100334113,100.00,,
    19.149793318,1185,,iTLB-loads,100335682,100.00,,
    19.149793318,831,,node-stores,100337726,100.00,,
    19.149793318,784250,,instructions,100338682,100.00,,
    19.250285835,23931,,dTLB-loads,100491834,100.00,,
    19.250285835,41,,iTLB-loads,100490595,100.00,,
    19.250285835,137,,node-stores,100488868,100.00,,
    19.250285835,92985,,instructions,100488240,100.00,,
    19.350645305,339552,,dTLB-loads,101271485,100.00,,
    19.350645305,71,,iTLB-loads,101271849,100.00,,
    19.350645305,391,,node-stores,101271840,100.00,,
    19.350645305,1278934,,instructions,101271490,100.00,,
    19.451899000,45045,,dTLB-loads,100347869,100.00,,
    19.451899000,105,,iTLB-loads,100347482,100.00,,
    19.451899000,205,,node-stores,100347537,100.00,,
    19.451899000,174392,,instructions,100347928,100.00,,
    19.552265698,32920,,dTLB-loads,100371763,100.00,,
    19.552265698,50,,iTLB-loads,100371551,100.00,,
    19.552265698,196,,node-stores,100371428,100.00,,
    19.552265698,128127,,instructions,100371459,100.00,,
    19.652689157,353441,,dTLB-loads,100428593,100.00,,
    19.652689157,79,,iTLB-loads,100428860,100.00,,
    19.652689157,517,,node-stores,100428861,100.00,,
    19.652689157,1332079,,instructions,100428758,100.00,,
    19.753019352,24056,,dTLB-loads,100330187,100.00,,
    19.753019352,35,,iTLB-loads,100329638,100.00,,
    19.753019352,117,,node-stores,100329286,100.00,,
    19.753019352,93321,,instructions,100328930,100.00,,
    19.853345260,71591,,dTLB-loads,100329736,100.00,,
    19.853345260,216,,iTLB-loads,100329667,100.00,,
    19.853345260,563,,node-stores,100329690,100.00,,
    19.853345260,280556,,instructions,100329694,100.00,,
    19.953676647,2514743,,dTLB-loads,100334077,100.00,,
    19.953676647,14109,,iTLB-loads,100334059,100.00,,
    19.953676647,7914,,node-stores,100333922,100.00,,
    19.953676647,11977215,,instructions,100334161,100.00,,
    20.054001993,358107,,dTLB-loads,100333351,100.00,,
    20.054001993,105,,iTLB-loads,100333825,100.00,,
    20.054001993,725,,node-stores,100334273,100.00,,
    20.054001993,1352446,,instructions,100334662,100.00,,
    20.154347303,189163,,dTLB-loads,100353357,100.00,,
    20.154347303,999,,iTLB-loads,100354296,100.00,,
    20.154347303,603,,node-stores,100355013,100.00,,
    20.154347303,705405,,instructions,100355896,100.00,,
    20.254738480,39080,,dTLB-loads,100388339,100.00,,
    20.254738480,173,,iTLB-loads,100387280,100.00,,
    20.254738480,195,,node-stores,100386469,100.00,,
    20.254738480,146471,,instructions,100385045,100.00,,
    20.355167947,27940,,dTLB-loads,100436087,100.00,,
    20.355167947,60,,iTLB-loads,100435796,100.00,,
    20.355167947,147,,node-stores,100435681,100.00,,
    20.355167947,109636,,instructions,100435546,100.00,,
    20.455466253,31861,,dTLB-loads,100299615,100.00,,
    20.455466253,53,,iTLB-loads,100299884,100.00,,
    20.455466253,229,,node-stores,100300228,100.00,,
    20.455466253,125086,,instructions,100300750,100.00,,
    20.555801516,23841,,dTLB-loads,100341820,100.00,,
    20.555801516,30,,iTLB-loads,100342064,100.00,,
    20.555801516,119,,node-stores,100341979,100.00,,
    20.555801516,92604,,instructions,100341959,100.00,,
    20.656142960,47557,,dTLB-loads,100344208,100.00,,
    20.656142960,120,,iTLB-loads,100344085,100.00,,
    20.656142960,327,,node-stores,100343832,100.00,,
    20.656142960,187321,,instructions,100343399,100.00,,
    20.756565067,26511,,dTLB-loads,100428970,100.00,,
    20.756565067,36,,iTLB-loads,100429410,100.00,,
    20.756565067,199,,node-stores,100429663,100.00,,
    20.756565067,102365,,instructions,100429996,100.00,,
    20.857002774,26681,,dTLB-loads,100442356,100.00,,
    20.857002774,43,,iTLB-loads,100442137,100.00,,
    20.857002774,156,,node-stores,100442153,100.00,,
    20.857002774,104264,,instructions,100442157,100.00,,
    20.957362511,5112787,,dTLB-loads,100361892,100.00,,
    20.957362511,43213,,iTLB-loads,100361313,100.00,,
    20.957362511,14606,,node-stores,100361048,100.00,,
    20.957362511,21034227,,instructions,100360748,100.00,,
    21.057706823,29430,,dTLB-loads,100345686,100.00,,
    21.057706823,28,,iTLB-loads,100345893,100.00,,
    21.057706823,139,,node-stores,100346512,100.00,,
    21.057706823,115636,,instructions,100346811,100.00,,
    21.158146432,187585,,dTLB-loads,100448498,100.00,,
    21.158146432,1028,,iTLB-loads,100448782,100.00,,
    21.158146432,618,,node-stores,100448452,100.00,,
    21.158146432,700746,,instructions,100448375,100.00,,
    21.258590326,25616,,dTLB-loads,100445661,100.00,,
    21.258590326,40,,iTLB-loads,100445728,100.00,,
    21.258590326,173,,node-stores,100445516,100.00,,
    21.258590326,99879,,instructions,100445303,100.00,,
    21.358886959,65716,,dTLB-loads,100276937,100.00,,
    21.358886959,195,,iTLB-loads,100273207,100.00,,
    21.358886959,523,,node-stores,100270857,100.00,,
    21.358886959,259818,,instructions,100268624,100.00,,
    21.459131849,705885,,dTLB-loads,100270495,100.00,,
    21.459131849,2013,,iTLB-loads,100274021,100.00,,
    21.459131849,2670,,node-stores,100276225,100.00,,
    21.459131849,2399290,,instructions,100278599,100.00,,
    21.559467654,25872,,dTLB-loads,100342851,100.00,,
    21.559467654,35,,iTLB-loads,100342940,100.00,,
    21.559467654,126,,node-stores,100343249,100.00,,
    21.559467654,100913,,instructions,100343364,100.00,,
    21.659907015,24061,,dTLB-loads,100443333,100.00,,
    21.659907015,34,,iTLB-loads,100443719,100.00,,
    21.659907015,125,,node-stores,100443678,100.00,,
    21.659907015,93447,,instructions,100443634,100.00,,
    21.760272082,37858,,dTLB-loads,100364714,100.00,,
    21.760272082,83,,iTLB-loads,100363512,100.00,,
    21.760272082,201,,node-stores,100362985,100.00,,
    21.760272082,143272,,instructions,100362763,100.00,,
    21.860592781,24084,,dTLB-loads,100322916,100.00,,
    21.860592781,35,,iTLB-loads,100322886,100.00,,
    21.860592781,98,,node-stores,100322871,100.00,,
    21.860592781,93508,,instructions,100322556,100.00,,
    21.960877658,2511373,,dTLB-loads,100299069,100.00,,
    21.960877658,14073,,iTLB-loads,100301304,100.00,,
    21.960877658,8481,,node-stores,100302649,100.00,,
    21.960877658,11960706,,instructions,100304631,100.00,,
    22.061281750,29874,,dTLB-loads,100403302,100.00,,
    22.061281750,54,,iTLB-loads,100401992,100.00,,
    22.061281750,178,,node-stores,100401217,100.00,,
    22.061281750,116640,,instructions,100399798,100.00,,
    22.161626042,191692,,dTLB-loads,100345357,100.00,,
    22.161626042,1036,,iTLB-loads,100345522,100.00,,
    22.161626042,836,,node-stores,100345568,100.00,,
    22.161626042,714932,,instructions,100345557,100.00,,
    22.261961372,23744,,dTLB-loads,100340252,100.00,,
    22.261961372,32,,iTLB-loads,100339976,100.00,,
    22.261961372,105,,node-stores,100339988,100.00,,
    22.261961372,92045,,instructions,100340124,100.00,,
    22.362409030,28250,,dTLB-loads,100455067,100.00,,
    22.362409030,45,,iTLB-loads,100455002,100.00,,
    22.362409030,175,,node-stores,100454902,100.00,,
    22.362409030,108178,,instructions,100454765,100.00,,
    22.462869348,31859,,dTLB-loads,100462229,100.00,,
    22.462869348,61,,iTLB-loads,100462158,100.00,,
    22.462869348,259,,node-stores,100462023,100.00,,
    22.462869348,124864,,instructions,100461901,100.00,,
    22.563277919,26460,,dTLB-loads,100414918,100.00,,
    22.563277919,36,,iTLB-loads,100415134,100.00,,
    22.563277919,156,,node-stores,100415317,100.00,,
    22.563277919,102847,,instructions,100415531,100.00,,
    22.663769326,29953,,dTLB-loads,100493490,100.00,,
    22.663769326,43,,iTLB-loads,100493110,100.00,,
    22.663769326,278,,node-stores,100492825,100.00,,
    22.663769326,115610,,instructions,100492502,100.00,,
    22.764228562,37289,,dTLB-loads,100467018,100.00,,
    22.764228562,65,,iTLB-loads,100468063,100.00,,
    22.764228562,212,,node-stores,100468555,100.00,,
    22.764228562,140926,,instructions,100469156,100.00,,
    22.864622441,60830,,dTLB-loads,100393948,100.00,,
    22.864622441,204,,iTLB-loads,100393243,100.00,,
    22.864622441,287,,node-stores,100393176,100.00,,
    22.864622441,238755,,instructions,100392959,100.00,,
    22.964973699,108528,,dTLB-loads,100351720,100.00,,
    22.964973699,890,,iTLB-loads,100351043,100.00,,
    22.964973699,660,,node-stores,100350356,100.00,,
    22.964973699,411143,,instructions,100349683,100.00,,
    23.065293289,28936,,dTLB-loads,100322403,100.00,,
    23.065293289,53,,iTLB-loads,100322485,100.00,,
    23.065293289,152,,node-stores,100322483,100.00,,
    23.065293289,113992,,instructions,100322409,100.00,,
    23.165622508,175127,,dTLB-loads,100352575,100.00,,
    23.165622508,999,,iTLB-loads,100353027,100.00,,
    23.165622508,613,,node-stores,100353291,100.00,,
    23.165622508,652696,,instructions,100353633,100.00,,
    23.265924014,24279,,dTLB-loads,100289534,100.00,,
    23.265924014,29,,iTLB-loads,100290110,100.00,,
    23.265924014,137,,node-stores,100290557,100.00,,
    23.265924014,94234,,instructions,100291178,100.00,,
    23.366290061,28593,,dTLB-loads,100370806,100.00,,
    23.366290061,54,,iTLB-loads,100370420,100.00,,
    23.366290061,190,,node-stores,100370337,100.00,,
    23.366290061,112273,,instructions,100369979,100.00,,
    23.466757820,61864,,dTLB-loads,100472002,100.00,,
    23.466757820,93,,iTLB-loads,100471337,100.00,,
    23.466757820,651,,node-stores,100470776,100.00,,
    23.466757820,243105,,instructions,100470215,100.00,,
    23.567170649,23764,,dTLB-loads,100416165,100.00,,
    23.567170649,45,,iTLB-loads,100416385,100.00,,
    23.567170649,131,,node-stores,100416322,100.00,,
    23.567170649,92313,,instructions,100416402,100.00,,
    23.667506942,52116,,dTLB-loads,100339615,100.00,,
    23.667506942,135,,iTLB-loads,100339943,100.00,,
    23.667506942,406,,node-stores,100340124,100.00,,
    23.667506942,207278,,instructions,100340262,100.00,,
    23.767827721,23825,,dTLB-loads,100324900,100.00,,
    23.767827721,28,,iTLB-loads,100324761,100.00,,
    23.767827721,107,,node-stores,100324803,100.00,,
    23.767827721,92586,,instructions,100325071,100.00,,
    23.868144569,64341,,dTLB-loads,100318885,100.00,,
    23.868144569,181,,iTLB-loads,100318595,100.00,,
    23.868144569,352,,node-stores,100318612,100.00,,
    23.868144569,243236,,instructions,100318679,100.00,,
    23.968487354,139709,,dTLB-loads,100349108,100.00,,
    23.968487354,754,,iTLB-loads,100349209,100.00,,
    23.968487354,627,,node-stores,100349355,100.00,,
    23.968487354,526727,,instructions,100349206,100.00,,
    24.068817298,23991,,dTLB-loads,100331346,100.00,,
    24.068817298,35,,iTLB-loads,100331406,100.00,,
    24.068817298,103,,node-stores,100330962,100.00,,
    24.068817298,92971,,instructions,100330549,100.00,,
    24.169181152,204919,,dTLB-loads,100374645,100.00,,
    24.169181152,1137,,iTLB-loads,100375242,100.00,,
    24.169181152,980,,node-stores,100375904,100.00,,
    24.169181152,761992,,instructions,100376485,100.00,,
    24.269522809,28263,,dTLB-loads,100419933,100.00,,
    24.269522809,82,,iTLB-loads,100419863,100.00,,
    24.269522809,148,,node-stores,100419800,100.00,,
    24.269522809,109115,,instructions,100419767,100.00,,
    24.369908474,23735,,dTLB-loads,100289041,100.00,,
    24.369908474,33,,iTLB-loads,100285308,100.00,,
    24.369908474,134,,node-stores,100282854,100.00,,
    24.369908474,91977,,instructions,100280403,100.00,,
    24.470221981,688644,,dTLB-loads,100340840,100.00,,
    24.470221981,1673,,iTLB-loads,100344493,100.00,,
    24.470221981,3804,,node-stores,100346715,100.00,,
    24.470221981,2356058,,instructions,100348999,100.00,,
    24.570705665,79216,,dTLB-loads,100489900,100.00,,
    24.570705665,263,,iTLB-loads,100489740,100.00,,
    24.570705665,747,,node-stores,100489925,100.00,,
    24.570705665,297539,,instructions,100490272,100.00,,
    24.671066633,74367,,dTLB-loads,100366216,100.00,,
    24.671066633,420,,iTLB-loads,100366544,100.00,,
    24.671066633,436,,node-stores,100366585,100.00,,
    24.671066633,277244,,instructions,100366426,100.00,,
    24.771506748,27501,,dTLB-loads,100443183,100.00,,
    24.771506748,54,,iTLB-loads,100443315,100.00,,
    24.771506748,196,,node-stores,100443275,100.00,,
    24.771506748,107098,,instructions,100443236,100.00,,
    24.871805320,23857,,dTLB-loads,100306463,100.00,,
    24.871805320,32,,iTLB-loads,100307599,100.00,,
    24.871805320,140,,node-stores,100308586,100.00,,
    24.871805320,92420,,instructions,100309636,100.00,,
    24.972261514,143551,,dTLB-loads,100452330,100.00,,
    24.972261514,578,,iTLB-loads,100450365,100.00,,
    24.972261514,479,,node-stores,100449057,100.00,,
    24.972261514,551869,,instructions,100447823,100.00,,
    25.072588335,29406,,dTLB-loads,100330272,100.00,,
    25.072588335,39,,iTLB-loads,100329991,100.00,,
    25.072588335,142,,node-stores,100329865,100.00,,
    25.072588335,115791,,instructions,100329726,100.00,,
    25.172910897,206069,,dTLB-loads,100324167,100.00,,
    25.172910897,1065,,iTLB-loads,100324635,100.00,,
    25.172910897,952,,node-stores,100324678,100.00,,
    25.172910897,771994,,instructions,100324987,100.00,,
    25.273260706,24237,,dTLB-loads,100353521,100.00,,
    25.273260706,103,,iTLB-loads,100352950,100.00,,
    25.273260706,126,,node-stores,100352889,100.00,,
    25.273260706,94140,,instructions,100352811,100.00,,
    25.373535932,28383,,dTLB-loads,100284857,100.00,,
    25.373535932,34,,iTLB-loads,100286087,100.00,,
    25.373535932,173,,node-stores,100287210,100.00,,
    25.373535932,111637,,instructions,100288143,100.00,,
    25.473937400,36106,,dTLB-loads,100408864,100.00,,
    25.473937400,71,,iTLB-loads,100409156,100.00,,
    25.473937400,256,,node-stores,100408673,100.00,,
    25.473937400,145531,,instructions,100407952,100.00,,
    25.574285991,62376,,dTLB-loads,100343544,100.00,,
    25.574285991,630,,iTLB-loads,100342093,100.00,,
    25.574285991,251,,node-stores,100341522,100.00,,
    25.574285991,232605,,instructions,100340994,100.00,,
    25.674677925,28943,,dTLB-loads,100400321,100.00,,
    25.674677925,48,,iTLB-loads,100400540,100.00,,
    25.674677925,185,,node-stores,100400388,100.00,,
    25.674677925,113058,,instructions,100400311,100.00,,
    25.775091227,23950,,dTLB-loads,100420425,100.00,,
    25.775091227,35,,iTLB-loads,100420973,100.00,,
    25.775091227,108,,node-stores,100421661,100.00,,
    25.775091227,92953,,instructions,100422247,100.00,,
    25.875436728,454874,,dTLB-loads,100346065,100.00,,
    25.875436728,1161,,iTLB-loads,100346200,100.00,,
    25.875436728,1007,,node-stores,100346104,100.00,,
    25.875436728,1719927,,instructions,100345980,100.00,,
    25.975916035,49738,,dTLB-loads,100487568,100.00,,
    25.975916035,107,,iTLB-loads,100487846,100.00,,
    25.975916035,202,,node-stores,100487936,100.00,,
    25.975916035,194880,,instructions,100488200,100.00,,
    26.076358565,31920,,dTLB-loads,100442950,100.00,,
    26.076358565,63,,iTLB-loads,100442458,100.00,,
    26.076358565,201,,node-stores,100442348,100.00,,
    26.076358565,125482,,instructions,100442131,100.00,,
    26.176694767,189049,,dTLB-loads,100339257,100.00,,
    26.176694767,1003,,iTLB-loads,100338987,100.00,,
    26.176694767,841,,node-stores,100338723,100.00,,
    26.176694767,704310,,instructions,100338413,100.00,,
    26.277014198,26716,,dTLB-loads,100324630,100.00,,
    26.277014198,40,,iTLB-loads,100324853,100.00,,
    26.277014198,142,,node-stores,100325201,100.00,,
    26.277014198,103635,,instructions,100325566,100.00,,
    26.377342902,27466,,dTLB-loads,100331819,100.00,,
    26.377342902,41,,iTLB-loads,100331878,100.00,,
    26.377342902,173,,node-stores,100331890,100.00,,
    26.377342902,106870,,instructions,100331935,100.00,,
    26.477675912,35895,,dTLB-loads,100343497,100.00,,
    26.477675912,50,,iTLB-loads,100345437,100.00,,
    26.477675912,327,,node-stores,100346080,100.00,,
    26.477675912,140348,,instructions,100346884,100.00,,
    26.578071390,23965,,dTLB-loads,100390839,100.00,,
    26.578071390,49,,iTLB-loads,100388434,100.00,,
    26.578071390,139,,node-stores,100387380,100.00,,
    26.578071390,92867,,instructions,100386525,100.00,,
    26.678396650,44675,,dTLB-loads,100327642,100.00,,
    26.678396650,98,,iTLB-loads,100327570,100.00,,
    26.678396650,254,,node-stores,100327589,100.00,,
    26.678396650,171668,,instructions,100326964,100.00,,
    26.778681251,28659,,dTLB-loads,100298802,100.00,,
    26.778681251,36,,iTLB-loads,100300331,100.00,,
    26.778681251,158,,node-stores,100302859,100.00,,
    26.778681251,112509,,instructions,100304407,100.00,,
    26.879021347,86765,,dTLB-loads,100332195,100.00,,
    26.879021347,518,,iTLB-loads,100330493,100.00,,
    26.879021347,503,,node-stores,100327751,100.00,,
    26.879021347,330808,,instructions,100326209,100.00,,
    26.979457224,156016,,dTLB-loads,100444934,100.00,,
    26.979457224,367,,iTLB-loads,100445122,100.00,,
    26.979457224,779,,node-stores,100445172,100.00,,
    26.979457224,592339,,instructions,100445299,100.00,,
    27.079786853,51860,,dTLB-loads,100331278,100.00,,
    27.079786853,93,,iTLB-loads,100331442,100.00,,
    27.079786853,408,,node-stores,100331454,100.00,,
    27.079786853,198014,,instructions,100331754,100.00,,
    27.180121415,33608,,dTLB-loads,100337740,100.00,,
    27.180121415,50,,iTLB-loads,100337614,100.00,,
    27.180121415,209,,node-stores,100337632,100.00,,
    27.180121415,131889,,instructions,100337357,100.00,,
    27.280420528,41327,,dTLB-loads,100305388,100.00,,
    27.280420528,99,,iTLB-loads,100305762,100.00,,
    27.280420528,203,,node-stores,100306161,100.00,,
    27.280420528,161032,,instructions,100306570,100.00,,
    27.380773810,24576,,dTLB-loads,100335775,100.00,,
    27.380773810,50,,iTLB-loads,100332320,100.00,,
    27.380773810,94,,node-stores,100329913,100.00,,
    27.380773810,95757,,instructions,100327687,100.00,,
    27.481024240,33118,,dTLB-loads,100276891,100.00,,
    27.481024240,54,,iTLB-loads,100280660,100.00,,
    27.481024240,252,,node-stores,100283265,100.00,,
    27.481024240,130571,,instructions,100285614,100.00,,
    27.581318708,618876,,dTLB-loads,100297915,100.00,,
    27.581318708,1378,,iTLB-loads,100297932,100.00,,
    27.581318708,2937,,node-stores,100298050,100.00,,
    27.581318708,2144522,,instructions,100298459,100.00,,
    27.681673330,74520,,dTLB-loads,100361222,100.00,,
    27.681673330,355,,iTLB-loads,100360733,100.00,,
    27.681673330,552,,node-stores,100360241,100.00,,
    27.681673330,281641,,instructions,100359516,100.00,,
    27.782112439,27989,,dTLB-loads,100443851,100.00,,
    27.782112439,41,,iTLB-loads,100444250,100.00,,
    27.782112439,174,,node-stores,100444474,100.00,,
    27.782112439,109890,,instructions,100444760,100.00,,
    27.882402732,3097010,,dTLB-loads,100268297,100.00,,
    27.882402732,6101,,iTLB-loads,100264485,100.00,,
    27.882402732,22097,,node-stores,100261966,100.00,,
    27.882402732,11797275,,instructions,100259383,100.00,,
