[
    [
        -853458699560.3987,
        -295158168703.281,
        -853470856717.4973,
        -295080515500.25555,
        -853472338438.5391,
        -295122411024.9074,
        -853484735389.0066,
        -295043928266.70276,
        -853469178389.7882,
        -294996677692.3304,
        -853482214889.3069,
        -294959394917.0967
    ],
    [
        -742878573742.4065,
        -253956557858.65878,
        -742899041797.045,
        -253892855363.11157,
        -742887881477.9678,
        -253924666264.59772,
        -742903133810.6504,
        -253858806983.83185,
        -742899244489.6313,
        -253837367201.00046,
        -742906392477.289,
        -253804401346.98846
    ],
    [
        -40837099210945.44,
        -14600819793903.277,
        -40838365481293.25,
        -14597339115101.371,
        -40837725981620.77,
        -14599095262621.89,
        -40839005176767.375,
        -14595570940026.812,
        -40839643097403.29,
        -14593794165575.945,
        -40840158787903.0,
        -14591985968086.955
    ],
    [
        -576683793308.4614,
        -212091474326.26935,
        -576697789057.2083,
        -212041621521.75928,
        -576685718982.8252,
        -212064944376.2599,
        -576702779509.4261,
        -212015631513.79913,
        -576714706211.2876,
        -211992046885.4674,
        -576698786366.7125,
        -211958399637.06387
    ],
    [
        -586432523874.5964,
        -193774326937.55157,
        -586452110868.9944,
        -193726462434.63458,
        -586442442616.3252,
        -193750632577.9807,
        -586461701436.8721,
        -193701904247.89603,
        -586471220063.4464,
        -193677248125.43384,
        -586477469741.0044,
        -193651123060.9234
    ],
    [
        -667469159764.2178,
        -242936578371.72937,
        -667490497955.3914,
        -242880222288.7641,
        -667479700498.4149,
        -242908658972.77716,
        -667481180660.1262,
        -242883297696.5163,
        -667491474925.8455,
        -242854947429.8854,
        -667501699368.6799,
        -242825911465.70834
    ],
    [
        -492088718935.3494,
        -176297645432.35907,
        -492111093366.6562,
        -176259739681.4611,
        -492099752785.31824,
        -176278799185.064,
        -492121716472.2953,
        -176240177626.48724,
        -492132237773.42993,
        -176220427112.75342,
        -492142596987.522,
        -176200652139.08902
    ],
    [
        -557329765102.3186,
        -204357677806.84506,
        -557348887506.9926,
        -204311130827.0052,
        -557338962483.4592,
        -204334491031.6602,
        -557359041111.2788,
        -204287728998.47723,
        -557368828113.3798,
        -204264036592.1958,
        -557378426426.714,
        -204240333498.65735
    ],
    [
        -698810422955.416,
        -252257407984.67468,
        -698837866407.1277,
        -252200368644.66882,
        -698823886463.5759,
        -252229016057.06378,
        -698851395413.0024,
        -252171335256.13492,
        -698865317030.4514,
        -252142405499.7459,
        -698878416046.0205,
        -252113037374.61172
    ],
    [
        -1183708082549.6287,
        -431935737354.3888,
        -1183757098095.2952,
        -431840397169.6148,
        -1183732062424.6318,
        -431888340905.93616,
        -1183780701106.587,
        -431791217928.9999,
        -1183803864655.3623,
        -431741547249.75836,
        -1183828487026.141,
        -431692936568.3884
    ],
    [
        -56362231097229.25,
        -19992755497539.367,
        -56363947967702.18,
        -19987929875274.883,
        -56363080472694.56,
        -19990364729723.695,
        -56364827820848.83,
        -19985483354861.508,
        -56365707313561.03,
        -19983026974572.25,
        -56366518781633.0,
        -19980518897148.67
    ],
    [
        -1311615111472.0996,
        -461297041068.2179,
        -1311644154042.525,
        -461181261819.6104,
        -1311635092670.9207,
        -461241645923.2048,
        -1311663545681.9924,
        -461124084467.3351,
        -1311681953765.3486,
        -461066417948.3118,
        -1311690507871.3772,
        -461004868793.2016
    ],
    [
        -1195251818445.182,
        -397077503629.699,
        -1195291660280.5547,
        -396978411890.49835,
        -1195271635934.079,
        -397028403768.8577,
        -1195313133963.805,
        -396928589248.00085,
        -1195327789921.9678,
        -396876175074.838,
        -1195342262271.9902,
        -396822056927.6679
    ],
    [
        -455455148525.18604,
        -163934203714.21536,
        -455465313830.068,
        -163894313760.27432,
        -455458723023.4264,
        -163913886690.66437,
        -455468352529.4238,
        -163873344012.86923,
        -455475395200.47253,
        -163853760230.41907,
        -455482633642.7822,
        -163834193226.81207
    ],
    [
        -439800847436.4137,
        -152915039364.4884,
        -439813623468.48645,
        -152877518150.7862,
        -439807231488.8405,
        -152896494374.33136,
        -439819670452.9752,
        -152858282024.48578,
        -439825993670.9325,
        -152839161526.82196,
        -439831893005.6675,
        -152819859795.9538
    ],
    [
        -630938996371.9684,
        -221664319818.29956,
        -630959809343.6416,
        -221611496982.35974,
        -630948557696.4873,
        -221637855115.18686,
        -630964502130.429,
        -221582599864.02106,
        -630971074022.6356,
        -221554358663.83362,
        -630980288922.115,
        -221526950372.1919
    ],
    [
        -1071619518865.4385,
        -382345661442.8552,
        -1071663863229.2532,
        -382259829746.52814,
        -1071642079528.603,
        -382303307993.91296,
        -1071680715775.0839,
        -382214327318.5483,
        -1071701804062.8208,
        -382170216140.9324,
        -1071724501060.0603,
        -382126470801.897
    ],
    [
        -343244879354.6553,
        -132736995815.68265,
        -343257956361.3104,
        -132708903272.08699,
        -343251487553.3026,
        -132723155293.63715,
        -343264138462.4912,
        -132694474322.47653,
        -343270661440.925,
        -132680180176.86285,
        -343276585631.5381,
        -132665617741.6319
    ],
    [
        -462877374544.156,
        -157307365924.18518,
        -462889152013.0626,
        -157267785622.70697,
        -462883303019.1555,
        -157287703506.2061,
        -462895248535.1968,
        -157247756181.47638,
        -462896747898.02893,
        -157226051271.80374,
        -462902893596.9614,
        -157205794019.37485
    ],
    [
        -1395225728318.0713,
        -488468788426.4256,
        -1395260503823.412,
        -488347260206.9237,
        -1395235979864.7812,
        -488406082345.1683,
        -1395283766913.607,
        -488287557389.64966,
        -1395300045485.1174,
        -488229694117.8631,
        -1395320045336.311,
        -488170146910.82666
    ],
    [
        -1993805253855.1226,
        -897919139865.8278,
        -1993885977874.855,
        -897750145287.5846,
        -1993849994228.1436,
        -897837406551.2443,
        -1993926511655.7144,
        -897663514941.5437,
        -1993950122780.6348,
        -897565912244.6768,
        -1993990052187.207,
        -897478290120.0422
    ],
    [
        -45884606138655.61,
        -15055576487274.209,
        -45885883459736.12,
        -15051651124097.021,
        -45885230364161.31,
        -15053629039948.557,
        -45886480573342.09,
        -15049641160314.922,
        -45887131484415.81,
        -15047639828169.305,
        -45887583895811.92,
        -15045549402616.867
    ],
    [
        -459847377469.5017,
        -159905748585.60114,
        -459861618045.23914,
        -159867132487.2798,
        -459855029624.77783,
        -159886756556.44153,
        -459869378361.6083,
        -159847732005.41837,
        -459874878074.7457,
        -159826860147.31436,
        -459879033409.04846,
        -159805321082.36755
    ],
    [
        -615992809888.7285,
        -224036236158.8303,
        -608654245913.2141,
        -221365053192.5163,
        -608645832032.5977,
        -221391540933.2708,
        -608661346680.5752,
        -221337776794.313,
        -608670479735.4038,
        -221311256664.31757,
        -608672502208.4719,
        -221282141784.37448
    ],
    [
        -1673353011710.8032,
        -607372279212.4922,
        -1673383028269.5022,
        -607222524183.1881,
        -1673351079259.8076,
        -607292076538.2543,
        -1673382094917.8718,
        -607140979349.3146,
        -1673414099657.8647,
        -607070839973.7365,
        -1673437230876.9927,
        -606997302307.4666
    ],
    [
        -305163417303.9933,
        -111986728966.61647,
        -305167776636.6439,
        -111959016808.90297,
        -305168910376.2506,
        -111974216570.72067,
        -305165586704.86536,
        -111943400416.00278,
        -305164853841.0762,
        -111928150234.51974,
        -305168373800.3058,
        -111914643963.31474
    ],
    [
        -682971573445.5607,
        -232677116657.7018,
        -682996716111.925,
        -232621485015.61877,
        -682983529099.6902,
        -232649445219.57028,
        -683004204329.0443,
        -232591496687.09576,
        -683015805685.7583,
        -232562496576.04022,
        -683019432244.8815,
        -232530236098.6369
    ],
    [
        -646826282620.3529,
        -229205801179.6118,
        -646835454742.6223,
        -229146332545.56943,
        -646824753137.092,
        -229174181984.19226,
        -646845617290.9749,
        -229118237110.4557,
        -646857119090.9226,
        -229090529543.14032,
        -646836493700.6257,
        -229050489988.16327
    ],
    [
        -516627373237.7389,
        -189104578325.91528,
        -516644967907.95447,
        -189061664230.3357,
        -516636014418.1846,
        -189083279918.44595,
        -516653693100.9483,
        -189039842271.67255,
        -516662431804.81824,
        -189017932028.41846,
        -516670900416.7705,
        -188995867963.1088
    ],
    [
        -1281998367723.927,
        -392457170939.11804,
        -1281996148116.1953,
        -392329378466.545,
        -1282003292080.3115,
        -392398123485.75793,
        -1282000604811.979,
        -392268331299.3744,
        -1281978305296.8716,
        -392199986341.5806,
        -1281920796260.0405,
        -392108165021.58704
    ],
    [
        -1424115333567.0962,
        -494831085469.1221,
        -1424148244341.3535,
        -494708012453.25476,
        -1424138381075.479,
        -494771965333.0388,
        -1424173596602.2534,
        -494648563390.2345,
        -1418414846797.892,
        -492551136494.9514,
        -1418432186701.6646,
        -492486488878.81793
    ],
    [
        -756858987733.5688,
        -232892483890.55048,
        -756873115199.425,
        -232826973553.95767,
        -756864225323.75,
        -232859347102.08057,
        -756883997830.7744,
        -232794930612.82367,
        -756895402094.9167,
        -232764758905.60645,
        -756904921548.9951,
        -232732269316.58847
    ]
]